9173613,2
1646407,6
136547,29
3534018,1
7463361,1
9331059,3
2426280,1
4911919,1
1437157,10
738143,1
8944005,1
3516748,1
11212197,1
9633405,1
9341300,4
3096097,1
1280016,1
2354271,3
7383946,2
6518208,1
7217959,2
2270904,1
7272967,2
1912371,1
3296220,44
2488471,2
9480865,3
2879279,1
9647400,1
10094550,2
1066663,1
7491757,2
8933313,1
956141,5
779283,9
5244045,1
1243936,1
5383393,1
219446,3
4937173,3
4528014,4
5468489,1
3917338,1
8650335,1
388007,8
6513401,3
2791276,1
2135995,80
9963724,1
10711950,1
9134049,1
9539905,1
7107492,1
4701822,4
6763945,1
10922460,1
4499576,1
6698803,2
6588751,1
2329972,1
1224414,1
5585317,2
10158919,1
4253217,29
2520401,2
1698635,1
1666991,5
6717072,1
1561528,3
4026147,3
11285773,1
1419436,2
10493124,1
9118542,2
10458862,1
4418539,1
10078710,1
2389372,1
948735,1
8965705,1
260242,3
10940794,1
6788074,4
3512832,2
9841495,2
3280894,1
7186323,1
1538786,1
589879,1
1421424,4
898696,5
10468014,1
9667255,3
394640,6
9456709,1
1707180,9
11028354,1
11177250,1
2137010,15
5353855,24
9034455,1
8306841,1
4645131,1
8445892,1
9198058,1
11195980,1
3904314,2
9596074,1
10158108,1
10352508,1
10334166,1
10125474,5
4575490,1
9196870,1
5783452,1
4342317,1
9914719,4
4011756,1
3561144,1
2060169,17
9603859,1
10795129,1
11024619,1
10500684,1
928836,9
9550704,1
3042609,3
2696687,1
5894882,2
10752504,1
11187411,1
10277692,1
11239260,1
8748931,1
3915295,1
11129983,1
10949506,1
9956335,1
11251167,1
10578058,1
39912,57
963846,6
9128046,1
2247568,2
11118444,1
5002584,15
1333017,1
10252554,1
8992688,1
9099490,28
9697351,1
10152960,1
10257801,3
7386196,2
2111289,2
5713008,1
10089754,1
6534804,36
1484696,156
844587,1
3992407,1
2437431,7
2649580,1
9574041,11
720881,3
1667882,6
1675829,2
8948713,1
10537765,1
5057430,1
3497047,2
9310764,1
3299146,8
8576473,6
10149036,1
7820094,1
6800718,3
9789025,1
10730463,4
4533162,2
733869,4
4571304,1
598932,2
1144576,3
7037661,2
2399885,1
9133158,1
10218688,1
8219677,1
10630789,1
10426984,1
4448671,1
7440951,1
3367654,6
593531,13
4525242,10
6685834,3
11114033,1
8773348,1
682587,190
8227506,1
1443358,40
6772855,9
10150133,1
10104981,1
5833799,9
4474339,3
2698829,2
570563,1
2962032,2
9896891,2
8825791,1
1801194,3
670300,7
10109832,1
9607404,1
9368635,1
9917879,6
9975406,2
10294035,1
525491,260
4273251,1
7430240,1
50829,1
9701553,1
2286736,1
1190872,7
9465916,1
9404157,1
3035652,1
2821100,1
8461209,3
659619,26
10682511,1
2133564,5
3926608,8
5388758,1
562706,2
8263795,1
10875652,1
10668904,1
3275647,2
9724161,1
6886741,1
6434418,1
11254984,1
10011786,1
10426830,1
301327,40
10406076,1
8991805,1
9926239,1
10528008,1
4543774,1
2601122,1
4507026,6
10862449,1
10462434,1
5049312,1
70629,14
3970825,1
10047462,1
2500296,1
1189838,12
10599299,1
613312,2
150118,17
1634626,1
3275809,12
2756978,76
3494374,32
1524835,10
2814423,1
10311800,1
10575349,1
11136426,1
2084361,1
7988666,1
2302791,15
2239431,592
99565,1
6552462,3
8773032,1
3395022,1
4284655,1
11016438,1
10543155,1
1710933,19
2097943,4
5823132,2
778969,2
6506427,1
9535981,1
9763744,3
10205312,1
5019450,1
10533093,2
10014044,1
5691896,1
6882745,3
9199246,2
9445891,1
5750845,1
9168655,3
42648,24
10540248,1
2095765,1
9525883,1
4867658,16
941390,4
9039207,7
2001083,1
967699,3
6809340,1
920069,6
8096647,1
9266629,1
9614136,1
9226669,2
6612654,4
1797811,1
8335812,1
9011036,2
1838239,1
9668281,1
493181,3
5555815,1
90311,10
11079916,1
10000959,1
8879729,40
10088665,1
2721066,1
10127616,3
10255326,1
8537926,1
9768136,1
10667653,1
3785236,7
8041647,1
2108751,2
6913100,3
9090192,10
11290470,1
11292315,1
2301350,4
6696463,25
9927364,1
10498462,1
5569153,4
5468434,4
9250572,2
8705451,5
10915288,1
9407875,1
10979341,1
8590602,1
8831541,2
1378810,1
9643756,1
7542110,2
1308358,4
6771018,6
8645421,1
1184473,1
3642063,1
2397418,5
4685542,1
874647,5
10922127,1
5670952,1
9165946,3
2903064,37
1473490,1
5514829,1
10931532,1
8589794,1
1451179,4
11137650,1
396620,1
9108444,13
11126012,1
5596108,15
9745924,1
9920442,1
1645453,1
3563025,1
2497183,6
9638149,2
7010840,3
9569146,2
7132863,3
10008456,1
10885291,1
3292936,7
5777512,1
7713138,1
10543768,1
289557,261
7771369,1
8346892,1
7516029,3
7424157,1
9003017,1
8362407,1
3493230,2
2299804,1
8798783,18
11253804,1
4275844,1
5914726,2
10138344,1
2709673,2
5966701,8
6590280,25
7295638,1
11071842,1
8346298,1
9206157,1
2436559,1
7748770,6
1788406,4
7359015,1
616139,12
9270273,1
1911642,2
4511698,3
1712256,1
5494237,9
10931488,1
9950494,2
10784734,1
10559248,3
8782357,11
9648706,4
1778795,8
9051807,1
10714975,2
3185395,2
8920641,1
3487994,9
10579507,2
8895866,2
9721669,1
2145543,19
11109020,1
4584823,1
4463188,6
10586374,1
9630174,1
10402278,1
8421609,3
1806108,35
8991030,1
9663592,1
9982372,3
10779325,1
2330970,3
9191433,3
192905,1
9233544,1
6871080,1
4666688,46
1849723,90
10272615,4
6631329,11
9671872,1
9943979,1
5740233,2
4410069,35
10712184,1
10879216,1
6798037,1
10949993,1
2514002,5
10945582,1
8625676,1
11128443,1
3883606,1
5713459,1
1816099,4
5755633,1
6727486,2
6909583,2
552509,1
8306148,2
1568981,38
6914857,6
490571,1
10297041,1
7947364,1
1704930,1
10515039,1
10288447,1
10514797,1
1181566,1
10583412,1
8614632,2
10725153,8
9858028,1
1609192,4
1230769,1
438687,21
1527643,3
9043563,1
8868523,1
1429985,16
8324779,1
9121872,19
9400791,2
4067908,2
549864,1
220804,2
2768209,23
4396877,1
5475364,2
8709367,1
7548718,2
9089257,4
415529,3
8811903,1
10534506,1
5229286,1
1821868,1
9325452,1
4501545,2
10503258,1
1625257,1
10724325,1
784719,55
297639,2
7377033,1
125990,5
10637601,1
7224735,1
10504743,1
8934259,1
6640734,7
2917933,1
7066588,2
2419369,21
6808251,3
9028812,1
1509463,205
9420104,1
1492264,3
11037723,1
5904411,1
7428964,1
8597461,1
3619898,1
10708125,2
7822830,3
10320765,3
9413823,1
7831506,1
4838236,15
4503822,1
204893,4
78676,28
9270633,2
3455052,1
10602104,2
3070978,1
9793606,1
8616414,1
10482685,1
10817421,1
6629872,12
81456,16
5984837,1
11058090,1
10103081,1
107125,144
1984525,18
386775,12
10398788,1
4983785,2
8644783,1
294218,4
8726656,1
1845763,31
3678091,2
1743306,1
9321401,2
9029893,2
5895322,1
3592447,4
823445,3
9380325,2
3280380,5
2398084,1
9837832,1
9904693,1
10369663,1
10845952,1
11157667,1
282022,1
8889728,1
3046696,10
3383304,26
9988411,3
1576928,2
2276520,20
8364225,1
8072076,2
2839327,6
11011884,1
239309,1
6568915,3
5994025,1
9514344,1
8691222,1
10033250,1
4509790,1
9880861,2
3933934,2
10905784,1
3528015,1
1302165,4
427643,15
3055092,1
10687200,1
8585031,1
383318,2
4573122,1
2071293,1
866213,6
1182394,2
1095021,2
5422641,2
9621679,1
8784139,4
8915232,2
1767157,19
94524,1
3064010,1
9178104,2
4115607,1
2817033,1
8407722,1
6695473,3
10945843,1
6731391,1
3170850,2
7559347,2
8450300,2
2109282,21
11186674,1
939465,1
3024267,5
9765625,1
440125,2
10312908,1
8004602,1
999261,4
6930796,13
1355509,3
9554917,1
5259742,2
10201514,2
3569191,2
9798287,4
8827276,21
3942547,2
9440094,1
7450969,1
9029497,1
5378344,1
10213845,1
4242525,6
9040953,1
4060329,4
10218633,3
1105452,10
1772566,1
9664744,1
9948514,1
9107256,1
10452435,1
4692634,3
11084415,1
1572319,1
10848427,1
9271777,1
938060,6
6806172,2
5601732,2
6557313,17
2488589,2
1978775,4
3173262,1
1377163,21
1572913,55
8336046,1
9045994,1
10948200,1
9531174,1
7454091,2
1122480,1
8608189,1
10137552,6
10369979,1
9454666,1
10762602,1
10705317,1
192897,1
8733883,1
155591,1
9457735,1
7035032,1
3197888,1
3093748,2
10242492,1
1817845,5
1053540,3
10099104,1
11013350,1
11186971,1
7281462,41
9247800,5
10772359,3
4631235,9
2120108,2
685395,2
11039541,1
3918625,2
937782,5
397368,1
1132281,2
5878286,1
6645838,20
1525960,4
10526523,1
8297194,1
9281578,16
9585580,4
4852302,1
3276321,2
10498778,1
3966857,3
7359628,1
9261660,1
9086980,1
130552,237
4011891,1
10534704,1
9871591,1
10310153,1
7481442,1
10463479,3
3154650,9
673721,1
10378636,1
11228884,1
717119,2
8937625,2
9214077,1
3230709,3
9930892,1
8303060,1
10701005,1
9445297,1
8392341,1
9497173,1
8905684,5
7831380,1
10247505,1
3092505,1
448884,10
3233319,1
10114999,2
10371417,1
11067360,1
726920,1
8954257,23
11188456,1
9537213,3
7893733,2
10777499,1
243926,1
2813947,9
3117462,1
5710948,6
9928101,2
9625062,1
2329738,1
3121980,1
9505470,1
1743603,1
10123953,1
3391477,10
127574,1
329336,5
4713199,4
227429,7
5514810,1
3996692,1
4325677,3
166544,1114
8987279,3
7521375,1
7618486,4
1230200,3
9010307,1
8833062,1
3624199,4
1348390,10
1083358,2
3045318,1
1983238,2
6776969,2
8306995,1
628767,24
8575582,1
5970463,1
10281264,1
7040856,2
2833981,8
696285,1
4369075,3
9061086,1
11143103,1
5382961,1
7729762,1
96757,5
9737185,1
1688276,8
3583221,1
10321007,1
7670749,1
9776713,1
11206059,1
9102215,1
1523232,1
1909852,3
8786353,1
7427820,1
9596236,1
10753909,1
10474828,1
11310828,1
10568059,1
8704876,1
628118,281
9240537,2
7839616,1
552581,40
1528831,3
4155081,4
6638746,4
1502181,8
1591624,1
10609224,2
212227,1
10552579,1
3029316,2
6565846,38
11173001,2
6749428,6
2053987,5
1206531,2
1823686,6
10297096,1
6614670,3
219798,1
2949352,1
10332087,4
10365018,1
7539709,2
3437070,1
10653504,2
2708548,1
9696460,1
1762927,1
1929003,1
10147416,1
11272056,1
13424,1
1815928,2
2109246,64
8943664,2
9184558,1
9197112,2
9441381,1
5594010,4
1096660,3
9860665,1
9564006,3
5411292,1
6974752,3
674090,17
10578391,1
528425,1
1812804,1
3569353,4
1249868,2
10157352,1
8955049,1
7366459,2
9502013,1
10647853,1
3280146,1
9610374,1
2560191,2
10230422,1
4587235,1
1333729,17
3539455,1
10409992,1
4962698,1
11255974,1
9007824,14
8685076,1
10597363,1
8350167,1
4955669,1
2027986,3
2641731,5
1186093,1
3113411,2
2710770,2
343097,2
4512930,2
3432859,6
5907373,1
11152662,1
1665929,4
402659,21
6874212,1
1910292,1
8817871,2
2714532,4
8551038,1
7368079,1
5490989,1
5754184,16
7476484,2
8864365,2
2387491,1
9888223,1
10787344,1
4042644,23
9899168,1
2254902,1
82996,1
4835464,1
2139342,2
10677850,2
10383234,1
116909,3
9610734,1
10043961,1
2911993,1
4329079,2
1057401,4
7380877,1
4249780,1
2708999,3
7823974,4
5020566,1
9591349,2
3345360,5
9469057,4
6723688,8
10677157,1
2114196,31
452203,11
11099617,1
8972572,31
2517324,1
9167052,2
511199,3
10256965,1
10044294,2
6689849,2
9141672,1
9446188,1
9920046,6
1676819,1
8733072,3
8409441,1
5726563,8
396125,9
1330083,1
10481082,1
2239035,1
4023573,1
11079853,1
10224573,1
6783132,3
3894631,1
9752458,1
9102512,9
7142312,1
9299137,1
11004107,1
10367782,2
3156847,1
10067721,1
