9854185,1
1873168,151
1795093,1
6905217,19
5614837,1
8293161,6
7043088,1
2667841,1
3612408,2
6617325,1
899514,3
5003493,1
10529827,1
2008284,1
11042592,2
9033609,4
3061121,24
9558634,1
2136002,1
4047469,2
7546891,1
9602436,1
94803,1
4422462,1
5533918,2
4478191,1
5808616,3
1089352,1
1042371,2
9098905,13
3045534,1
2060547,4
10885589,1
10518720,1
7228911,3
10062753,1
10313600,1
84507,2
8823298,5
10670613,1
6693060,4
9774913,1
7051412,1
6473604,1
8416100,2
9536296,1
3168907,5
980892,3
1449929,21
544085,3
10818484,1
1864258,2
363987,1
9816961,1
3495030,1
10648212,1
5674534,1
1070929,7
11179762,1
8910363,1
7045527,1
401786,1
4713937,7
4183503,2
4228323,1
1373130,6
10731886,1
1516573,130
3994559,1
2247171,1
9760855,1
8043483,2
445184,1
9960637,5
7086090,1
9136407,1
8373054,1
10695201,1
5358265,6
188081,1
9900624,1
7321278,1
7081310,1
1492084,1
622790,2
1061758,1
6615381,8
5735095,29
7297276,1
11290254,1
5396146,1
10521401,1
1462609,1
4908049,5156
870551,1
1174690,17
9546853,1
8710905,1
8947741,1
6722265,9
2034348,4
2339854,1
6759995,9
3406164,7
3348051,17
9970933,6
3493627,4
4475897,3
5412066,41
374679,4
2023197,1
10809637,1
9041961,14
1441404,3
1849282,27
9498893,1
3456079,3
5800182,9
8977496,1
9391233,2
2417965,3
1485415,2
1504891,1
4860600,12
2519872,1
6722067,5
6934161,1
9599873,1
3894000,1
5408205,2
2120720,1
9523434,5
252700,21
7469572,1
3279661,36
9151491,3
717984,2
9328855,4
2780629,1
9151158,1
8068747,1
119122,1
1812327,11
9961564,1
2811237,2
10702329,1
10770180,1
11123736,1
10850172,1
116828,4
74896,2
10805325,1
7526145,2
6598273,1
10880584,1
11183730,1
4674175,1
8629302,1
7055823,1
10963230,1
9865930,1
1686322,7
10858859,1
4786243,1
8464170,2
9060438,7
3192766,1
10238190,1
4373520,2
7141494,4
10738294,2
6097,34
1927104,2
381392,108
9454431,2
4106968,1
1487189,1
9443497,3
9509610,1
5722071,4
10245895,1
8620815,6
3366448,2
258948,3
9892228,2
6754297,2
5709300,3
2192811,26
3246397,1
4526412,5
10650057,1
9060573,1
9466069,1
5659676,3
148481,23
7690468,1
4834401,1
10484034,1
904940,2
10141700,1
10335237,1
9634314,1
2274937,2
11082002,1
11025960,1
7498381,1
284471,21
2887874,1
57453,1
9797873,1
3253434,1
2045634,4
4314516,1
10984435,1
193751,7
950444,1
11101893,1
10440771,1
204523,1
9413742,1
1211210,17
3095584,1
7261383,1
5130438,1
9456411,6
637802,1
7430321,1
5054857,2
4172154,2
9038587,2
7389184,1
10760497,1
6724795,2
9389542,1
1210536,1
2767570,1
9087295,1
10194577,1
11030261,1
10971529,1
2611040,1
11265702,1
3367537,9
276966,1
9085873,1
4272658,1
813923,1
439893,16
9787063,1
78603,2
3484104,3
3392881,19
11297077,1
8828743,15
5462160,2
1489268,8
10178223,1
6626136,2
10245282,1
10924279,1
1505430,3
4313364,1
9400322,1
7479139,1
9829039,1
11086251,1
2978206,1
9980572,1
579249,16
4688684,9
4896485,2
440080,1
11134266,1
516365,1
8910624,20
1531071,2
9122033,9
152765,11
9474583,1
3389452,15
2623038,2
2480695,1
10568536,1
7323096,1
9249457,5
5360929,6
6615048,9
11219082,1
9524460,2
543815,2
10127634,1
3249961,1
11033286,1
4317720,3
10814037,1
9788152,1
133045,1
10918988,1
8838607,1
10876976,1
9562206,2
7948949,1
11154110,1
3563700,6
9839948,1
5560387,1
10894705,1
8568733,1
2272894,2
3176052,1
9639003,1
6806668,3
8359681,2
1846177,1
9732063,1
9339286,2
10605084,1
8589226,1
210463,1
11247973,1
10156542,1
1068724,1
921374,1
9895333,1
530233,5
9495175,1
9632488,1
4815808,2
57967,1
7073896,1
6177319,2
2199832,2
3122592,1
1195444,3
10613210,1
5060959,1
2041935,2
32090,1
3130935,1
5730928,2
9370308,2
8314149,1
10582657,1
406835,5
3217786,1
8900779,15
2440545,6
1043875,1
9154164,11
10735783,1
10754359,1
8341275,2
2771656,1
1235377,58
1701609,1
2558509,2
9560325,1
11070078,1
3054147,2
10190562,6
7275180,1
1463176,2
1410552,2
1249534,1
1021905,11
9750694,1
11055679,1
5499502,2
10078585,1
5832439,1
6711438,2
73752,4
7435425,3
2420709,3
9955561,1
10250600,2
7365135,9
4400943,4
9478840,3
9479731,1
10990320,1
9906619,1
10583548,1
9126381,3
8992714,1
9521850,1
11193388,1
6728241,2
299123,4
7479021,1
10074930,1
3527818,5
10052754,3
4222608,1
9108264,1
6779380,1
10344309,1
1781197,9
5887123,1
10986316,1
3142851,15
954819,8
10203413,1
1347643,1
9725287,1
10657339,2
641564,295
533258,13
1420290,28
8582340,1
5465482,6
4005339,1
8605957,3
2111928,1
10211072,1
8781943,1
1835430,10
8620914,1
1133000,1
4629878,1
8902759,1
4996574,2
44943,3
11097556,1
9244416,1
9918120,2
5695261,3
7373055,1
9976090,4
36014,2
1472086,2
7223826,1
8629096,1
3385393,57
9485176,1
11231132,1
9073894,10
8704443,1
9319332,3
100870,4
7778001,3
147851,2
2054742,1
1721481,1
3452262,1
10109616,2
10929210,1
5614936,1
6551418,3
10943980,2
6557980,2
56364,103
935685,10
2674276,4
3073317,1
8609304,2
2368663,5
9595011,2
6736576,1
5495740,334
5740611,5
294632,1
2295169,1
7323302,1
10719899,1
9719897,1
4224921,2
3064993,3
9368617,1
8343192,1
7264056,1
5408098,1
9108426,1
938754,4
467379,2
10166956,1
4223139,1
11090436,1
11271048,1
11158026,1
2302971,1
977111,1
8450670,1
9388057,1
3168943,101
11307615,1
11267124,1
5591789,1
11198022,1
363833,1
2895442,2
11139810,1
8451066,1
10132232,2
2786759,3
748971,2
3338926,286
322171,13
9437917,1
7540761,1
9603877,1
10284090,2
4003142,2
4214067,1
10439773,1
7757365,1
10059126,1
7756122,1
11122034,1
3048658,8
2132402,1
1059418,1
9334704,1
9552757,2
4497938,1
10458907,1
662417,10
9926815,1
10498642,1
11111441,1
10512186,1
2363064,1
2903956,1
24189,2
10021613,1
1710816,3
8997601,2
1591309,1
8324049,3
10304286,1
4543792,1
1747221,3
4853725,1
6256434,1
2906412,8
9373611,1
8032241,2
134170,11
2878252,1
5024599,1
5981236,1
11251897,1
6344959,3
9425028,1
10312827,1
4438591,1
9191000,1
694881,3
2692302,1
11245281,1
11002992,1
922328,2
8957407,1
1112760,36
10324149,1
10009464,1
10341177,1
3051438,64
9437403,1
4082839,1
1778326,2
261368,6
2337162,1
4262343,1
2085270,1
9335631,2
4573717,1
3112403,2
10129768,1
18582,6
6901455,5
8325174,2
6856366,1
1416448,4
5833168,2
981332,88
2317777,6
485009,54
10113378,1
6920977,1
8261841,3
8572143,1
3030189,1
2392486,17
4412823,4
2150123,14
7228100,1
3115824,1
10820689,1
6797263,1
8690269,1
10911354,1
8626981,1
2159575,1
6792970,1
1777589,2
11109354,1
10129056,1
9209109,1
7497616,1
10492251,1
6141877,1
8738455,1
10364497,1
4406721,10
4487425,1
9251508,1
9442768,1
4510770,1
1657018,10
5819704,4
1558711,1
10711987,1
4571674,3
8635918,1
11129316,1
10848085,1
1519499,1
11222178,1
1067239,1
3410907,7
5510931,1
1357507,1
9329845,2
4499341,1
1833829,7
8999474,3
9885848,1
9892363,1
7676680,2
8937049,1
3292503,1
2488769,2
2289977,2
6766221,1
4196211,1
2000435,1
8084370,1
6658663,2
9320899,1
2034483,12
4215714,2
287504,1
1821372,6
10164066,1
1786543,3
10632372,2
3591024,1
6688822,2
10641408,1
4994198,2
4381657,1
9748192,16
9422391,1
2525578,3
791667,7
1682560,10
1331929,24
8292333,15
1512937,21
9101306,11
7268962,4
2452920,35
5372809,8
2517180,1
10441013,1
3009435,158
5980895,8298
1029754,2
3319198,3
1753260,9
10851874,1
8650713,1
1032930,1
1114759,22
4105923,5
10530627,1
7068847,3
7572856,3
9654150,3
10948174,1
127655,3
7043745,1
9581629,1
8046192,1
3189986,1
6603212,2
5725159,2
1937851,2
9640218,1
7303241,1
9070987,1
8958073,1
2423869,1
9819472,1
7324509,1
6923235,1
919449,1
11077198,1
666053,96
962027,11
446020,28
4670872,1
10602320,1
10804335,1
9694561,1
989956,2
11070889,1
7450932,1
9565528,1
10264317,1
2059549,1
6916819,1
9808384,1
1186534,1
10643064,1
9840432,1
9877450,1
9024889,1
1233801,1
9623127,1
512116,1
8951610,2
9215959,15
2413554,1
10053447,3
9324499,1
5376184,8
10192641,1
2365341,1
2522814,1
11165929,1
1181430,3
379313,2
10238668,1
10042395,1
2509620,3
4829704,3
10803408,1
8275594,1
7218615,6
1447237,13
9611698,1
10437306,1
5811946,1
11221070,1
1836736,4
10916340,1
5919073,1
9320448,1
6602079,6
935630,12
199188,1
10379842,2
9324444,2
11042196,1
10070277,1
2557519,1
5967016,1
10778001,1
9304905,1
4244028,13
2969189,4
460853,7
2106591,3
4414542,17
9438943,1
1841631,3
1475867,1
5359354,2
10355073,2
7274514,1
6775546,1
11229207,1
8926005,1
8644350,1
9936869,2
3118137,4
9274017,2
4457068,2
399861,23
8990121,1
5113798,1
10768192,1
234160,1
6706560,1
2742135,1
4811983,1
11105196,1
5866982,1
3059485,3
2073912,6
11169664,1
3133680,1
10591468,1
3886289,11
11241546,1
898010,9
8360283,2
3345595,5
2673583,17
9774256,1
1248283,1
3587515,1
10375431,1
10011551,1
10802418,1
11014160,1
4814296,2
448190,3
1316557,10
3903144,6
11234715,1
9895234,1
1676422,5
6942603,1
8416353,1
2628376,13
4462125,2
1177921,3
8746889,1
3002513,7
10356379,1
4625863,19
10437441,1
7186558,2
10741470,3
10392324,1
1736782,1
10694923,1
10736737,1
1288694,1
9150960,1
9901551,1
7124826,1
9290451,1
71736,6
8740993,1
6146827,1
488862,4
4013457,7
8001119,1
84084,8
9219603,3
6605580,1
133702,1
8909761,32
927215,14
1122327,1
9703416,1
10951666,2
709550,9
8260950,1
2610979,5
3094657,3
6793050,3
5364862,4
2640426,1
3934645,2
10315671,1
8974534,2
5970742,1
9604669,1
6537234,2
9098996,1
10781809,3
1632763,1
10942396,1
8864699,1
8344605,2
11239891,1
1404513,1
415231,1
9506082,2
7585979,1
8875237,1
8819536,1
1336357,2
10303403,1
6515003,4
8353290,1
2677246,1
8789800,35
2860693,1
3450048,1
2141051,1
2947516,7
8315021,3
9756274,1
10735170,1
9317091,1
2646556,2
3676318,1
6692034,2
8776589,65
10945960,1
10811364,1
11244651,1
9883813,1
1840740,2
9228865,2
513197,2
4833268,1
6625641,1
3280164,2
1619533,2
4133742,2
10432202,1
8758651,1
4891507,5
395117,2
9987205,3
8685553,2
1772999,2
8696858,1
2786696,1
840293,1
1372096,5
408617,5
6498904,1
11092416,1
529334,1
1345212,1
8464233,1
64996,78
1590058,17
10078233,1
3356133,1
120535,1
83256,15
6942199,3
548559,39
9444586,3
3429583,19
5474004,4
9819571,1
10736061,1
176660,33
4279822,2
1935637,2
8289319,1
8610104,1
554408,1
508841,36
243485,1
121066,1
11275080,1
1189081,5
4620,112
9064786,3
9114663,3
7413447,3
9863590,1
891503,2
10723191,1
9390405,1
8968072,2
10226931,1
11003333,1
9695191,2
8994037,5
9161300,1
8905116,1
2880655,15
9827419,1
4115724,1
10131297,2
10285657,1
2614065,1
1540495,4
8767165,1
10915350,1
3558049,2
10280490,1
11030874,1
7520411,2
10550210,1
266651,5
252205,20
4688332,3
10952403,1
8933188,1
7942404,1
631826,152
1507979,44
1830598,1
1491616,31
9734953,1
2775869,2
72212,75
10974175,1
5888825,1
8701473,1
10640157,1
2169637,3
10875887,1
9263974,2
2502555,1
7280319,2
10878956,1
