7788274,1
10157616,1
9984553,3
10352583,1
8959345,2
286931,1
9499714,1
6746181,2
8602296,2
889932,3
10079857,1
2068227,3
9586834,1
251470,5
6562013,22
10643643,1
6645264,7
4617766,1
1521714,2
3925206,1
950528,22
929351,1
571790,70
1467553,1
9504032,1
156809,1
3225771,1
2057238,1
10583811,2
4163210,3
4982086,3
7498663,1
9789523,2
3209472,1
27639,2
11054754,1
4578724,1
9083328,1
3458223,1
10265463,1
9518992,1
1423740,4
2772090,6
9147255,1
701524,3
4549104,1
9371968,1
4836501,1
9637495,6
10371203,1
601372,1
1149628,22
10479196,1
5597470,2
8331891,2
8415384,1
11064195,1
10524582,1
1254964,1
9627900,1
10820358,1
2829862,1
9137751,1
1988263,3
8274435,11
9675277,1
5981455,1
1432218,27
231535,6
7489654,1
10575270,1
680041,21
6629028,40
8041334,1
8681325,1
10944801,1
8319318,2
1832599,1
11140884,1
3254959,1
11270079,1
6760725,1
2118690,1
11314467,1
10114136,1
8874664,1
71603,18
3391029,11
9595186,1
1040835,6
5371326,3
7373373,1
4986802,4
3949192,1
8589481,1
10535120,1
9433923,1
4995190,2
10099008,1
4460526,1
7233387,1
746525,8
9954501,1
1419772,62
4702518,4
7839691,2
9288385,1
6826335,17
10833011,1
11153790,1
7522728,1
1259716,1
7114884,3
1294861,12
9549187,1
6795312,1
2758609,1
2688751,1
9373786,1
2419966,22
9208635,3
7053828,1
4703698,2
6942525,1
9402224,2
2464777,49
9188755,1
1232535,111
1300485,1
912683,2
9147453,2
2608245,1
11190285,1
10717137,1
5752053,1
2332656,21
3448378,1
4842180,1
3813949,6
6515321,3
2495269,3
4866616,2
1815390,1
9790576,1
7268686,1
68760,4
242623,10
5029650,5
1935658,38
6776142,1
7570149,1
8904507,2
8844315,4
1187941,3
10002626,2
9865591,1
3318336,5
4452994,1
3367080,3
10611369,2
7202903,1
676136,5
3392712,1
1468084,1
8276965,1
4577220,13
274141,3
4193677,112
4193875,13
11120589,1
281882,11
9787183,2
4803336,1
1798345,1
2334988,2
10419309,1
1472052,3
7044396,1
10810890,1
8470059,1
2958562,2
5000057,5
2502477,6
1607539,1
10713276,1
10276353,1
8787049,6
10071189,1
9756141,1
76608,4
1132545,1
6729810,1
9814155,1
1706003,11
4868137,2
10563813,1
7757584,1
10034694,1
6627246,2
3286323,6
4159107,48
3990925,1
5544117,2
153325,2
7417978,1
111907,29
9698759,1
6693243,1
564860,4
1592752,11
8934991,3
9206619,1
10407212,1
10260521,1
5779487,1
10833822,2
788204,1
617366,3
1073082,9
9627441,1
1233228,5
11216358,1
10783233,1
11287242,1
8995859,4
8538306,1
2034017,1
7998451,1
10147392,1
8879001,9
8861857,14
1644565,19
9857022,1
10816731,1
146945,1
7138798,1
1385545,11
11113604,1
4856194,4
3347497,8
9729466,1
405811,1
9579148,1
4039452,3
388794,1
9642101,1
5657112,1
11028852,1
9739924,1
9374127,1
3406482,1
10444356,1
4843909,3
10893934,1
1928467,11
9361293,4
1782829,2
1685290,1
2365425,1
8897984,2
9078090,1
10156662,1
9611925,1
10818117,1
1848024,76
11018006,1
10954495,1
3628143,3
10239778,1
4156038,16
3496357,13
299441,2
77986,17
10348227,1
8863279,1
5974264,1
11098666,1
9103802,1
35603,20
2329678,7
1562142,3
1611499,2
1485986,3
5472892,10
4105908,10
1133076,40
11203073,1
10223784,1
10988713,1
10311597,1
10948816,1
934526,215
8861992,1
11128644,1
11229228,1
10565587,1
5982508,1
4192786,17
9606057,4
2798704,2
1844262,2
8774520,1
9678148,3
9787408,1
9321792,4
673427,2
3905596,10
11112290,2
11314566,1
10882134,1
10924498,1
9283209,3
3893996,1
10881694,1
1099570,1
11268630,1
6553202,3
9590244,1
10781767,1
5886569,1
1835190,1
6610163,5
9546739,1
10544544,1
9621627,1
2731167,1
4043871,1
11161278,1
11178702,1
2530700,1
9367909,3
8982871,17
3054627,1
5071400,1
3564351,11
5387301,1
8440458,4
10004381,1
11262258,1
10492885,2
1636906,68
1802745,1
10290771,1
10996930,1
4935691,1
1004934,1
10560906,1
10048004,2
10807164,1
4711266,1
1144164,3
11300552,1
1592095,2
2517363,10
3246976,1
6562464,17
10398321,1
7413729,1
10426671,1
6717949,1
4981456,1
9875455,2
9740427,1
11072673,1
8372643,1
9927015,1
4974760,1
67572,1
9562876,3
3186784,1
2595394,2
9122711,11
7575883,1
4545504,1
3161943,8
11139336,1
3333186,1
4961854,3
7099819,3
9857176,1
1801304,1
5364531,1
4258657,1
232110,4
9179944,1
3459925,1
10523006,1
8325816,1
901694,407
8774539,2
3623391,2
10961686,1
10015172,1
11055285,1
8316348,1
8810817,20
8989504,17
9928555,1
4824063,3
9227742,4
2159802,2
5751621,4
10197216,1
7945909,1
10705301,1
8811780,8
5873284,1
2328,463
9169288,1
9381200,1
5355577,16
1979452,1
9249621,1
5740074,1
7399924,2
191297,3
10252197,2
9053862,1
2720376,1
1852498,20
5503761,1
7277307,1
7376280,2
9411846,2
9811842,1
5886514,17
10952424,1
11298349,1
708608,3
11146662,1
3877697,25
8846232,1
10269324,1
4500198,2
10294885,1
4964365,1
6856648,2
1352424,1
4956346,16
9271860,4
9480453,2
9256614,3
2690398,1
1976996,18
405316,2
9050180,1
9276216,1
3000202,2
4685446,1
3502025,16
626636,5
10938691,1
2792962,4
7135061,1
3293569,1
1674724,1
4828177,5
3438225,2
10861858,1
9603799,1
1464088,6
3104180,2
34550,12
9781251,2
10349118,1
10246716,1
6822573,2
9333078,1
415964,2
425512,3
9200426,1
9465603,1
9910806,1
9476232,2
4169296,1
2500802,1
8802122,1
2316753,2
5104890,2
10297657,1
5418577,1
3051459,1
5826556,1
10895590,1
176645,10
10337931,1
9332844,5
6707021,1
8019780,1
11250738,1
610606,2
5524155,17
9158145,2
3603456,1
8084454,1
8721555,1
7511676,1
5376411,1
1819611,7
391673,1
2611160,1
9882646,2
7482020,1
10458018,1
8111228,1
11254437,1
4543425,1
3138002,1
9175074,5
9945583,1
10152927,1
10191375,1
5413789,3
8729269,1
4063536,3
5473981,28
11292813,3
10148247,1
596405,1
687774,314
10409805,1
7253998,1
10409085,3
10564209,1
3056896,39
3190969,1
2512971,33
8362897,1
8344978,2
3063276,1
3910491,1
4582981,50
1960100,11
10193751,1
4694590,5
8576674,2
252163,21
6577369,2
2915046,1
9218021,1
5563873,6
5747040,12
2121335,1
11286315,1
5287663,1
2939914,6
3043476,1
5777551,3
6536922,3
4903777,1
3662424,1
3029193,2
1675192,6
4018013,37
2621736,2
9719368,1
2923939,2
9905686,1
417845,4
5371920,1
10419282,2
1671358,81
5965291,1
1179779,12
8633706,1
1830267,1
4605,1
6573453,13
7413152,3
10732743,1
431416,5
11260025,1
3573379,3
9394422,1
10921536,1
11264832,1
3905992,1
426142,1
9417921,1
8751813,1
6642357,1
10714923,1
4705227,3
9134349,2
9358378,1
2703249,4
9952378,1
4229983,7
7740311,1
4905081,1
9007368,1
9837538,1
7442736,1
558227,138
10911735,1
4404465,34
9279178,1
1620255,1
10849005,1
10135476,1
2537424,1
4916746,1
10277406,1
3012885,1
10459657,1
2045240,2
4803273,1
1354440,63
9658348,1
11076534,1
11267398,1
10649935,1
9817576,1
1601049,3
7040741,2
9129075,1
5457231,1
1055721,20
4114359,2
9416689,15
2778742,1
5405256,3
6824517,1
9252555,1
1645096,2
9316545,1
10817325,2
7215963,2
7834416,1
9121479,1
3065517,5
2807947,1
9321242,1
10119276,1
4387302,1
10515771,1
4024962,1
5354370,2
1790235,5
2716191,7
1911708,1
7061685,1
2808676,2
155495,11
1909404,53
164512,5
5358646,2
396227,9
10478313,1
9169035,1
843897,3
3116637,3
10859059,1
1140528,37
2137365,1
10863324,1
3285784,1
1458995,4
10101860,1
9629476,3
1437402,120
10064402,2
2417274,23
7782441,1
4821967,2
6926875,5
35892,9
10620026,1
10780939,2
2613203,6
10406574,1
6165144,1
544961,11
1316776,1
8047923,18
4554018,1
7263681,1
8640735,1
11067264,1
9290120,1
9224637,1
11315655,1
4977947,1
7061487,1
11205666,1
5708908,1
8584206,1
6556029,1
11238336,1
8847538,24
5665681,1
42434,4
4509108,1
10198044,1
9241016,1
9327435,2
6815382,1
10983114,1
9365712,2
3317742,2
5619781,1
2321865,1
10162412,1
8874312,2
2752218,1
9174084,2
8341791,2
2472859,1
5379670,11
1370280,31
7253880,1
2345012,10
8883277,2
9731319,1
1519212,1
7288882,4
5774941,1
991550,1
2049219,1
1283421,2
2091005,6
7590048,1
4383540,1
10158958,1
9366694,1
3995911,1
9835341,1
10019682,1
4846104,3
6522710,32
6616815,5
9286512,11
2184651,1
9786715,1
908525,8
9361752,2
5511708,4
2050866,1
608159,2
9066435,2
9515076,1
224083,2
4772052,1
8883673,1
8771190,5
10116468,1
3010814,3
6635526,3
6883576,2
10719829,1
8300057,1
10463823,1
8364679,1
6535536,2
10582579,1
11300255,1
1889029,1
1823670,14
10853938,1
2437489,28
9732958,1
9800303,1
9458151,1
1683238,8
10670634,1
9316446,1
5886316,9
8836747,18
2981403,3
5732352,1
9849454,1
10629360,1
2564712,19
1865151,3
5966209,3
6516627,1
9248488,1
826256,3
3500144,1
9350862,1
9503295,1
5564313,27
4078576,1
1373827,7
5897954,7
2080313,6
10003193,2
9834766,1
9024602,1
4556331,1
10226259,1
3454010,1
8768734,27
3583477,2
5571856,1
10751968,1
8878129,1
11080098,1
10346805,1
9528702,1
10913553,1
4699108,3
10619776,1
9222701,1
9153005,6
6896149,2
951815,1
5501583,3
6588817,1
10599283,2
1625890,6
3034926,1
1339708,2
9570994,1
2791738,27
7187019,3
3174750,1
5616379,3
11165238,1
2026584,1
5743080,2
10868266,1
10882882,1
205886,22
8850651,5
1157999,2
4690440,4
128710,4
11006937,1
9906874,1
8421882,1
268553,113
6961434,1
9714264,2
10741293,1
1252731,1
9920346,1
6891900,5
9556675,4
7824200,1
10054395,1
10068390,2
4351464,1
10582939,1
9382209,1
3437488,2
3175308,1
5415156,34
4211063,5
10253385,2
1472566,2
10343934,1
8960244,3
7934343,1
9080493,1
10999757,1
8265228,1
2418327,2
11002724,1
9450258,3
10238788,1
11022362,1
8252295,1
9311306,1
11059380,1
2418660,1
2259531,1
2776429,1
10381004,1
7123703,33
63378,3
4078521,15
7163402,1
4556647,5
2327544,2
9772440,3
1391188,13
9946221,1
9111939,3
7839097,1
10030698,1
11236815,1
8763072,5
8863378,9
9212045,1
3489111,8
9430098,2
7406637,3
9174840,2
1948979,9
10136826,1
2363148,1
1907776,11
1888985,53
9131225,1
1939690,1
6778988,1
10620936,1
5594013,4
3205872,1
1614469,1
10145123,1
1681717,10
6517059,1
8343771,1
2367342,2
1201683,2
1368418,3
1755423,2
6600362,6
2255274,4
4323681,2
1357825,1
10848150,1
6692811,2
11052521,1
3936231,1
9612258,1
8222856,2
8953710,1
10687951,1
11105838,1
3319920,2
8775925,1
9877336,1
4471650,1
11084616,1
8006261,3
10717489,1
1300782,2
1907974,2
3174318,1
11200760,1
5886613,1
1282684,1
9953368,1
10730411,1
3392866,24
7135278,3
1413994,1
5412744,1
11207231,1
1556491,9
2169144,7
9219679,1
11198241,1
5777713,3
10162511,1
1242688,1
8301795,1
5975191,2
9839554,5
10131461,1
7350053,1
1445278,2
10520234,1
217766,17
3026646,1
8252556,2
2785933,10
9281823,2
886926,5
1290766,57
8272969,3
2607318,1
201079,26
103311,16
8830518,4
3931957,5
9916224,1
5737258,2
10488169,1
640342,17
1200099,4
9347136,1
5596994,8
11121678,1
4432842,1
4392315,1
9248172,5
1266286,1
1344342,10
10979344,1
9239938,1
7377036,2
2033874,1
7524645,1
4179619,12
4377592,1
457508,15
531596,9
4515246,6
9541239,1
9891240,2
9881197,1
9918619,1
9590442,1
6780976,8
3908250,1
6748378,3
