8367354,1
1310252,7
2285616,2
7819128,8
892689,2
1445343,1
101154,3
3101555,1
9973882,1
4073204,2
10123229,1
1445956,10
8892711,1
3907209,1
613471,4
4533708,1
5335347,6
2374257,2
7386426,2
1741548,1
6760809,29
9126189,1
1375567,2
7639597,2
140520,4
10723007,1
1796287,2
545260,1
9861327,2
10388406,1
767174,4
3142604,12
279167,3
8946702,5
2286697,3
7356212,2
680161,9
1613382,1
4159821,32
2378118,1
11259048,1
4772389,1
5591064,1
3139329,1
1904439,5
10141841,1
2649117,7
10844139,3
8758558,1
2772039,8
10915455,1
5480959,1
7500059,1
9106884,1
7378759,2
2288028,1
214564,1
10553637,1
2350280,2
8763101,2
920588,1
8923374,1
3297036,1
5908882,12
3335583,1
5763162,1
7067808,3
7817247,1
8844930,3
9648315,1
203179,2
2166591,13
1702163,1
3511965,4
27380,2
1293441,11
11041193,1
10394346,1
1735545,1
85421,14
3582615,1
2079075,18
8841069,8
713524,3
9731222,1
9200285,1
2234450,4
1255777,1
9373950,1
10509618,1
11279794,1
9139554,1
6927336,2
10283466,1
3255519,1
10295805,1
7174467,1
10903322,1
10118928,1
10900154,1
10115048,1
9024821,1
1012820,1
9161595,3
10258491,1
6887098,6
10983333,1
1577860,1
4268064,1
9893043,2
10108929,3
7636220,1
6685443,1
4675828,19
5492262,1
1473973,1
8466156,5
8836515,10
902713,1
4443816,1
10181298,1
1918371,1
9512135,1
8874289,38
9730133,1
2531450,3
3511253,2
10922286,1
2809632,1
4075473,2
5892123,1
9668313,1
7568163,3
11042958,1
10275609,2
9862092,1
7050527,9
9881622,2
915773,4
8873307,2
10877494,1
9721278,1
4513089,1
3117585,1
10110304,1
10672473,1
792284,7
1670136,2
8680851,1
11291943,1
8764407,6449
9328185,2
1146165,2
10105995,1
2123886,6
6592446,1
9487891,1
465034,7
7623963,1
8305163,1
9560925,1
10794045,1
2060732,1
10389946,2
7607961,3
11172684,1
2792073,1
8637624,1
5949337,1
11124713,1
11208602,1
2655192,2
3510821,1
10342000,2
4529226,2
273334,1
10187274,1
8366229,1
3653986,2
5971125,2
9315161,3
2278425,12
10738399,1
7119918,1
2891235,15
9795646,1
1226715,13
8614890,2
9353556,1
8987248,2
93701,11
6608790,1
8700849,1
10081253,1
1292514,4
9864234,1
246857,1
11240084,1
65126,73
11270199,1
11290719,1
9667576,2
10853445,1
1279834,2
2501615,1
10570926,1
5528532,1
7416657,1
3004634,1
11313803,1
418603,32
19820,503
408442,1
1368475,1
3088894,2
5345085,3
7370649,2
2826264,1
10774696,1
5964899,1
1874640,1
693905,1
272209,4
10530452,2
3892873,1
9941869,2
5494558,40
8863146,3
9334980,1
6987998,1
7312913,2
8116848,1
1466584,1
7436493,1
1830035,2
6838731,1
3511866,2
8359731,1
11148113,1
1848694,76
5739097,2
1459096,1
3073403,1
9730232,1
9649602,14
8326511,3
7507278,1
9155259,7
10353008,3
1461958,1
3315981,2
7254558,1
9042704,1
963158,5
9350270,1
7999877,1
4577917,2
1343571,1
8363097,1
5038743,1
3509977,1
4598509,1
2987914,1
8679853,2
2284527,1
11139591,2
887027,2
1823600,2
653945,4
10753554,1
10248357,1
9110401,2
10283565,1
4847566,18
1949278,2
9722664,3
1179583,2
2209395,7
8452098,2
2944272,14
10946802,2
10185456,2
11199351,1
2467191,3
8960779,1
4509921,2
1148398,1
1329117,137
9690453,1
627944,19
1442689,5
4382931,1
3681417,1
7505441,1
9280601,1
10137161,1
11146485,1
10881679,1
11245232,1
2790912,4
10424621,1
6511346,2
1175488,2
5353662,1
8580311,1
9284553,1
4838205,4
8795683,5
1047363,5
4818441,3
4557991,3
8992602,2
7734942,7
1619737,1
8561394,1
9145700,1
10017849,1
35525,1
4857961,12
9461664,1
1928370,4
4236186,1
6513975,1
8840934,14
9726624,1
1871337,1
11072900,1
5497366,1
8892766,1
5546613,8
8997030,1
565989,2
8364807,2
3073791,33
3356175,2
4370240,2
11121699,1
7432343,2
9164367,3
7373501,2
4505268,2
2048943,28
11137278,1
4519010,1
10217829,1
10804773,1
1189131,1
6890436,3
10477407,1
9861723,1
2323910,8
4510578,1
4288260,1
6749172,1
10733853,1
3375246,3
11249030,1
7503876,1
9196443,1
4438047,2
10486317,1
1554397,2
484358,6
8247663,2
10439661,1
4186515,1
7519518,1
5360853,9
2983404,35
10487208,1
3534988,1
3002618,1
10108451,1
7838686,2
3986761,3
3091124,1
7840377,1
5557701,2
3888157,1
8932680,1
973201,37
111153,1
8872218,1
3993141,1
7407684,2
4421225,333
5059173,1
275413,2
10744347,1
1553569,9
10145991,1
8701460,1
10174016,1
173696,5
10513523,1
3175112,1
6714648,1
2882325,39
1202441,2
9163421,1
4152341,1
10563122,1
1508208,2
10404425,2
4404846,4
10074026,1
10497298,1
10996519,1
1706475,73
10120754,2
7432244,5
4794411,25
5517444,6
5554335,2
1354010,3
10095564,1
10000414,1
1221927,39
694788,2
2882262,3
10203752,1
1502411,4
2847315,3
9735174,14
360058,1
10322093,1
2525312,1
8396721,1
9368703,1
9033885,1
2675910,1
11268912,1
3935677,2
4391085,1
4055772,7
10201475,1
6736428,5
6861979,3
10678053,2
6789880,2
11065052,1
8041490,1
9968932,1
8335160,2
9508428,2
5477368,2
4696690,1
8973135,22
1392306,1
7446915,1
3455788,1
9360486,1
1179682,1
10354782,1
4454742,1
9484984,1
4174374,1
8901459,1
8466192,1
434344,9
3269190,2
10802496,1
2434746,9
2780616,7
9524664,1
5988398,1
11060363,1
4691668,4
3192915,1
10946956,1
10753059,1
11005850,1
10797763,1
1354579,5
1801776,1
3359398,4
6509790,2
1267602,1
10807130,1
5914984,1
1148604,1
4392949,1
1878240,1
10604658,1
7400979,2
8998174,1
7463646,3
1480001,3
11222723,1
5587753,2
8822006,11
9726723,1
395203,20
9036495,2
9863398,1
11088138,2
9086751,1
1331619,1
9283860,1
9316665,1
10456040,1
4533348,1
10056099,1
7393815,1
10948837,1
8982793,2
2638164,4
7104716,4
7788105,1
11105048,1
9205631,7
8644103,1
5358928,42
1329054,49
9412442,1
10609130,2
3385795,20
1151123,3
9956593,1
7390485,2
7519293,3
4390158,6
3163287,2
8765389,76
5980431,3
1439953,2
1801262,1
4504872,9
1042539,1
226444,9
2093501,67
621102,44
10128729,1
9011393,1
2128476,6
183398,1
2145215,3
4159263,1
9880074,1
9366327,1
2991621,1
5469231,1
979287,23
2278975,2
9753651,1
9617526,1
4868419,5
3296082,93
4787671,1
8743851,1
481531,588
9473959,2
9970029,3
10372926,1
8544528,5
9235845,1
5738115,1
11196507,1
9841879,1
1058910,2
1799950,1
2783064,1
635927,30
2894296,1
10638156,1
10672121,1
9322965,5
9637821,1
11081829,1
9946855,1
996521,3
10148015,1
6587631,7
1943283,1
2329347,1
9203390,2
10181540,1
6804837,1
10051003,1
5967814,1
8336664,1
490298,9
9217566,1
4983402,1
10629840,1
7369434,1
4951010,2
9492769,2
10186086,1
10226973,1
10236675,1
10163027,1
544289,1
9144215,4
11193375,1
9635797,3
6813648,1
7567272,1
565376,2
9865224,1
3760491,1
1569346,1
3333251,3
2893314,1
11251785,1
9764082,1
8913933,1
3453096,1
6152105,7
3199639,1
10412147,1
2326124,1
10883046,1
1343274,2
721499,8
840109,1
597911,1
3486838,3
23546,3
10542585,1
1931268,2
9436301,2
5835982,1
7400212,1
4151153,1
8712864,1
4323611,68
10640955,1
10676983,1
9006443,1
316020,5
2828992,1
4106793,1
10044164,1
10497757,2
9492868,1
11292438,1
980447,5
2349606,1
10289406,1
130521,6
5350106,1
8336727,1
10909191,1
2779401,1
4977300,6
3212570,24
2479486,17
10082180,1
1452471,4
800608,3
9864748,4
2428996,3
4447092,8
6883803,5
8940311,2
9151604,1
33897,42
7353242,1
8603090,1
11182647,1
9291898,1
9602063,1
6551801,4
1736337,3
5778562,1
11130158,1
9167986,1
9095779,1
3023048,2
9266472,1
2764290,2
3917758,1
10991253,1
5801439,1
10619841,2
7465626,1
3557703,1
11268769,1
890591,1
299066,20
10643150,1
7475265,1
7760583,1
10625286,1
2023841,2
3087615,3423
9790795,1
3063990,5
998493,1
1318975,7
11140553,1
77691,1
9303443,1
2178372,2
4716138,2
548032,6
10372863,1
9961416,4
7475562,1
4851435,4
10732665,1
4868455,1
8705060,1
8961002,1
1238947,1
2282907,1
8493895,1
10753617,1
10757055,1
110523,1
299778,1
1443525,31
8874270,9
10121447,1
9013238,1
4250612,1
6696036,18
3172197,2
8764740,2
6101219,2
8515007,1
11090225,1
1720640,7
11005391,1
8644653,2
4478205,1
4829746,3
7101908,2
9299296,1
1914177,5
9302615,1
9542880,2
7428177,1
8326827,1
8942382,3
267034,187
3222335,4
1302134,8
1980237,1
3923049,1
10050329,1
9881460,1
1912755,1
7952643,1
9040977,1
599171,35
11270900,1
871484,1
6732963,5
10426755,1
2356932,1
386799,18
10424261,3
9102275,10
2292780,1
3055935,1
10224858,1
10254990,2
2521910,20
213989,1
1828902,1
1601268,6
4492461,6
4804284,9
8337519,1
11177931,1
9125892,12
4194075,143
10197688,1
3066410,1
68808,1
10199451,1
6578875,2
8739649,1
8307701,2
6602679,16
4812311,2
243634,6
1624984,8
1375666,1
207931,14
11132886,1
9140390,1
4318969,4
3525726,2
9880470,2
2997553,3
3237672,9
4804248,1
3119763,1
9616932,1
3083303,3
10228791,1
11244099,1
10328385,1
251554,28
8580366,2
11087283,1
1558294,2
7494471,1
8537139,1
9639207,1
9782523,1
6886765,5
8696034,1
4650979,1
1173516,27
9557631,1
9625798,2
1557510,4
8655381,1
683744,2
10087842,3
6924861,1
9936504,1
6821252,2
6782625,6
10485822,1
1321890,2
4702061,2
9748558,1
419684,2
4994347,6
7448175,2
10155558,1
4711485,2
2045126,3
6902630,1
5742336,2
9284157,2
9377451,1
4512099,1
2388568,2
5573901,1
5754928,1
5745540,2
6182968,1
6785271,5
7435728,1
3447219,20
6540119,5
2080235,1
8832618,10
1882128,1
1095694,8
5039788,2
5207989,18
2067302,5
2885683,1
10108965,1
2481537,5
7381674,1
11077581,1
724252,16
6883605,3
3029178,1
9124055,17
10028937,1
3879382,1
9847396,3
9926695,1
5833191,1
4052810,1
9917433,1
1943580,6
648888,2
4129428,1
2651817,1
10355772,1
4809171,11
5804841,1
7142075,1
8944623,1
8939629,2
1716988,6
8752978,1
6575715,9
10339987,1
7207451,16
11041913,1
10723656,1
2060787,1
2814384,21
3087868,3
10394049,1
3956151,1
7051201,4
9255799,1
3381131,43
4570734,2
11300672,1
10509555,2
6519500,1
10640702,1
8606420,3
7030826,6
1199941,20
10660098,8
2349804,18
11312516,1
961321,1
9123821,1
9355176,1
2527149,1
4706139,1
8084736,1
7614819,1
7432307,1
972464,14
10553420,1
126256,53
8626176,2
1847316,96
577094,2
9752012,1
4958509,1
1851988,55
79932,12
2021168,1
8399980,1
136255,10
9850734,2
3562257,3
7403732,3
1984134,1
10945551,1
10785388,1
434759,1
4511810,1
10955613,1
2046828,2
10286021,1
9085626,7
4510875,1
10349337,1
10567236,1
9988174,1
7524350,7
9438831,3
10426494,1
8756875,3
9631070,1
7010017,1
10267879,1
2949637,5
6729039,2
7682436,1
9801152,1
9473148,1
8466967,2
8836768,1
2964072,18
1300118,3
9292734,3
10185492,1
7047747,2
219866,24
9516483,1
11286174,1
1313420,1
5490598,1
2005463,1
1462885,1
8992918,1
9543177,1
9179613,11
5364192,37
7729236,3
4193481,24
9674118,1
10209332,1
9996490,2
4392985,1
4416429,11
7606160,1
631750,1
10552386,1
1502826,4
10003475,1
4207179,1
6743718,3
10673977,4
3342279,2
9685341,1
9324945,3
2485948,3
5731897,4
5806777,2
4691190,3
5277388,1
684932,7
3261954,1
1841222,1
3011762,1
9975150,3
10708644,1
7235586,3
8335575,1
10859674,1
