10649359,4
8248867,22
8583982,1
1700694,1
1365268,1
4711031,1
10208141,1
9528676,1
1437835,3
2905425,1
9391731,5
10980063,1
10867654,1
1208983,21
9061115,9
9257163,2
1561783,6
8963449,1
10127439,1
10147077,1
11261682,1
8839078,1
300853,17
1637419,1
10371636,1
1432074,36
10648765,1
6880948,6
10606338,1
2060784,1
10885023,1
9131658,2
2318058,1
7921040,1
5386843,2
429897,6
255250,4
9839275,1
7604493,8
9766834,2
11054277,1
323722,1
10087407,1
1085205,1
2467567,17
5621616,1
3164175,4
10186795,1
4967155,1
10931814,1
10752066,1
11303207,1
1331003,1
10331621,1
92664,54
7046493,2
10169316,2
10548379,1
5611752,4
4978108,1
9434832,1
10538523,2
5060844,1
746859,1
8853397,1
1589918,1
6325421,2
2052512,1
10142946,1
2792683,8
1455196,2
6738441,2
4913109,1
10174563,1
9120867,1
3097927,1
10882567,1
2933794,2
10845261,1
11020012,1
9320946,1
83006,3
11101607,1
11050064,1
1194402,6
1939771,1
9500117,1
3376134,20
9256371,1
219412,31
3773322,3
565571,2
10066103,1
11253465,1
4828492,4
9669058,1
9684664,1
10133874,1
8939879,3
2063916,1
10220381,2
2838402,1
2870893,1
4284162,2
502615,110
3581974,7
8897768,29
9507336,4
5983101,2
1196077,2
1325316,1
9149253,1
5496175,2
11303856,1
9493918,1
9527433,1
1990945,1
10161107,3
10192086,1
8447505,1
11171691,1
7729648,2
10644219,1
8255896,3
4680973,5
234424,1
2255102,4
2296657,4
2484540,1
10070379,1
8996119,4
5387338,1
403615,3
5707620,5
3408048,2
107083,5
11006397,1
10956600,1
9294153,1
9780540,1
9938789,1
3917502,4
5913397,1
410383,1
10310886,2
1197724,9
6609697,1
8743218,1
7961712,5
2904831,1
4330304,3
8896778,2
2377224,7
10158165,1
10978075,2
2968598,1
11198971,1
10665694,1
926327,4
10215846,1
4954032,2
5829085,1
8838385,1
1357708,54
9633129,2
1493121,1
3557340,1
4451887,24
2430530,5
7140452,3
9236076,1
9402440,1
3626640,1
6782226,1
10213055,1
10852100,1
1832562,4
7815660,1
10941615,1
6941094,2
8815227,4
1382854,84
9298267,1
2172357,5
850493,27
4479896,1
1017327,29
6774991,2
4383874,2
8338795,2
7116882,1
10845423,1
5021720,1
9234519,1
9790440,1
1021845,14
7101897,1
9574675,1
11025710,1
8629297,8
3527181,2
127108,1
9993607,1
5441337,2
1506478,24
9147633,1
1345611,2
3306889,1
7402901,1
7083744,1
11003949,1
3032117,1
4720257,9
9727,27
5185521,1
6778203,1
10299295,1
9482415,2
2779417,1
5065173,9
1431408,130
10467991,1
6625743,3
1920933,36
626203,1
3250412,3
7386027,2
4057191,1
7948889,1
1848196,3
1576435,4
3453219,1
1688855,2
9665098,1
3560175,1
9290319,1
1600888,1
10839871,1
5397931,1
1980982,2
9743253,1
9707118,1
9850489,2
11167038,1
8629819,2
10330884,1
421985,45
1392240,3
2935378,3
7726227,1
4701843,7
8242124,1
11086100,1
8701421,1
11179963,1
8919565,13
6891577,2
10045566,2
5603571,1
6891162,1
8594278,12
2028087,1
9942496,1
9547332,5
10455660,1
10637776,1
10678564,2
1212203,1
470954,1
4444083,1
7855026,2
7390699,1
10213000,1
7297873,1
3874915,10
7568160,1
8988587,8
7970622,1
10879471,1
86922,3
1191748,1
10329930,1
4013757,1
8552995,1
2064681,17
9133278,5
9037446,3
9286134,10
9259459,1
9811167,1
9620655,2
3035060,1
803927,2
9307158,1
8942596,4
4993057,1
7119041,5
5517045,29
8373101,1
1972765,2
2968895,1
7382229,1
10804437,1
10692270,1
729768,2
2871630,33
8363913,2
10862451,2
8225330,1
3531960,1
10018160,2
258077,8
7907532,1
6693162,2
9186441,1
2057102,1
2692099,2
196760,13
9120416,1
2961838,5
8254202,4
1373449,1
4037319,2
9402800,1
2048841,1
1188418,1
10154312,2
1893862,1
9614157,1
8473759,1
1023366,1
1854991,1
9897712,1
6685107,2
3140838,1
10317753,1
10222974,1
384365,2
10162980,1
5809942,1
3345246,1
4188781,3
1671222,8
10735849,1
10158921,1
9665241,1
3540735,1
10657125,1
8883754,1
8953530,1
10761787,1
7783864,2
7261809,1
436123,1
8949661,1
999499,3
8882016,2
3011525,1
8907333,1
3654225,2
9874898,2
10918675,1
11034639,1
9202064,16
4808142,1
11251908,1
9398491,1
10997498,1
7297521,2
6772560,4
9609603,3
9668824,1
2086227,7
661051,340
639777,4
3118536,143
6801567,5
11238750,1
1775340,2
6704088,1
52712,58
9240440,1
9324942,1
687594,3
10511504,1
5598046,1
10660194,1
674589,20
3494340,1
10763514,1
2948446,3
6171624,2
1928944,1
5379913,48
11059560,1
10811529,1
8411711,1
9120353,2
9670452,1
2345904,2
9862710,1
3285216,10
1967400,1
2328192,1
10717119,3
6861264,2
1907596,2
9333302,1
2649312,2
9658465,1
970805,136
10585017,1
6918838,2
48546,221
2561977,1
1563150,2
10886329,1
7116945,2
10233468,1
7269595,2
9329983,2
8774098,56
9272472,2
4325247,3
11004362,1
11033333,1
3127996,1
1392402,84
4555161,1
352847,1
11269341,1
10966753,1
11108565,3
10154411,1
3501666,1
9788812,1
7220598,1
1049494,1
8299492,4
6840078,7
7468945,2
569685,14
6708499,1
10039112,1
8317653,2
10858708,1
8537749,1
240760,7
9512484,1
9952503,1
7522647,2
4890358,1
10753119,8
6535815,3
3270564,10
2339299,4
7269540,3
9251682,2
3203838,1
6823031,2
1627357,2
11037645,1
9346164,1
860456,1
11005253,1
9355632,1
2070233,4
4545973,1
9263427,1
10432205,2
9170312,1
10640817,1
5588803,5
10368207,1
6784594,1
1777636,6
10925866,1
4474341,2
2496439,3
2754829,25
10842912,1
1864855,71
2079289,1
4936762,4
8780541,12
9687076,2
4531725,1
9269854,1
3187819,5
8941353,1
6727650,6
4197394,1
11001392,1
186068,23
11115341,1
9912741,1
6637560,1
1298399,1
1062237,9
9516246,3
9369781,1
3389518,6
4837528,7
9958138,1
8702664,1
8767366,1
9374857,2
10209744,1
5472676,32
10592299,1
11065761,1
283286,3
10139300,1
10280718,1
10105406,1
11229840,1
2721942,1
8371932,1
1364737,1
1240734,2
3574233,6
9204099,1
296967,8
8705689,1
5909275,27
9556198,1
1355368,23
10494432,1
1497587,1
10905291,1
6931004,1
4150971,1
5062211,1
10344546,1
859601,4
4682296,3
9474748,1
604478,291
7085328,2
10002248,1
3391146,7
10704249,2
10553436,1
9225645,1
9896560,3
2964808,1
4078693,1
9200345,1
4890556,3
9567187,1
7063980,16
3459583,1
4864401,1
9268,3
9855376,1
10080224,1
10777267,5
5535027,1
10843281,1
9081014,1
2883763,6
11091627,1
894017,6
8294154,1
11024775,1
9471228,2
4957813,1
7062099,3
8865079,1
11178874,1
11056004,1
9625407,1
6566244,1
5983868,3
2460032,2
5953159,2
9889748,1
4386709,1
9985877,1
4320396,1
9821779,1
4856888,4
430183,8
1154695,50
3404907,18
183458,3
8797011,3
10663821,2
3096720,6
4421321,91
4507795,1
3386089,11
8046951,1
5772088,1
1949275,3
9550112,1
8751831,9
9679967,1
7469520,3
3624426,1
8898659,40
9345633,1
10217015,1
11235483,1
2011661,3
8438532,2
5754150,1
2778526,1
11136032,1
2789353,2
8946457,1
9587941,2
3645216,1
10529190,1
11058589,1
11005613,1
9271743,1
2201804,1
9892564,1
7550628,1
11231234,1
8403549,3
6612936,2
8823507,5
9453345,1
11044872,1
9099439,4
2335130,5
10209348,1
8978371,1
9874285,1
232048,7
10808532,1
8785131,1
4324301,2
10928539,1
3906964,40
9645919,1
9348108,3
4264876,1
5523499,1
11181456,1
9097693,1
3009474,3
56367,38
10584720,1
10721475,1
1233859,1
9040262,2
3125763,1
9166894,2
11259658,1
5346135,1
2289961,2
10327392,1
10532547,1
5771098,1
4683088,2
4812660,1
1508953,108
10723752,1
6645840,2
10857303,1
1960236,23
10181042,1
3201209,2
1773261,1
1785097,18
1701387,16
5027616,1
594894,22
1150680,2
10645407,1
10009313,2
3006710,3
3032351,3
9644000,1
8621033,1
11214495,1
4702220,1
4106259,10
10642176,6
10906696,1
6519615,3
273070,3
9078531,1
10585116,1
3583495,1
9968984,2
10421414,1
7922247,1
521939,1
10689616,1
572050,5
8301876,1
6889372,2
10042695,1
2684836,1
580448,8
2138535,1
1083973,1
385968,20
10393092,1
9000563,5
2963205,5
1742571,2
1989749,4
6560510,12
4471687,1
1988605,2
7137221,2
2960785,3
10604817,1
8348794,1
2174238,5
1716372,1
602182,20
4961124,1
1853190,33
10073998,1
10291284,1
39771,3
9825937,1
5728267,2
9900212,2
8467800,1
797088,3
9538323,1
2810132,7
825347,1
4181328,5
94798,4
8942406,10
8401019,1
9470238,2
5895703,1
9644451,1
10219545,1
9804237,1
10318284,1
9270519,11
9288565,5
1927701,1
5621319,7
11081510,2
2679364,1
8926440,1
1016670,13
9675600,1
3157605,4
10567783,1
6739332,1
8932542,1
9190329,1
8563074,1
10997597,1
10728199,1
1380423,304
918902,169
10289593,2
6815878,3
9471264,1
5319009,1
634222,1
1202204,13
9090672,2
1613505,8
10533672,1
3031479,2
10586098,1
11195154,1
7418472,1
10019826,1
5277583,1
3350259,2
1148106,1
10587943,1
9708405,2
8551103,1
10320470,1
10014029,1
5269528,1
1083775,4
2716731,1
10694827,2
9166146,1
8337453,1
3899396,2
8551301,1
2885644,1
10951056,1
8470022,1
2714814,1
9008835,8
11126187,1
10325277,1
1316703,36
7323756,1
2337011,2
2667231,39
42614,8
9571452,1
4028706,1
690176,5
2056310,3
10962540,1
6736029,2
5778820,1
11049129,1
1372341,2
400942,1
83718,658
2828098,1
373123,1
1038766,1
3036528,7
340057,1
1305219,4
9920977,1
1932750,1
2895247,1
9384603,2
9395485,3
4184172,5
9431150,1
4817467,1
5060286,4
3433059,2
2561229,5
10767367,1
1818180,34
4224726,1
4989881,1
3351898,137
10261485,1
5823252,1
1449517,49
9374640,1
7617525,1
1332903,2
271612,1
2063358,15
10738341,2
9017330,7
9588689,1
5354965,1
9249702,4
9775546,1
10893457,1
10903572,1
9746773,1
5082660,1
2531213,1
9275406,4
2067156,1
9948373,1
5958307,3
4552218,1
1173090,1
9627838,1
10242026,1
10301679,1
8465974,9
1523668,3
724565,1
10391571,1
2896,516
10784359,1
729001,9
10302768,1
6698725,2
9169512,2
5750613,2
9343202,1
8228003,1
7054476,1
1762885,1
8296648,4
6792739,3
11193020,1
8332151,1
10572408,1
8231748,6
2769391,1
2534986,1
923852,41
4422465,13
5778226,38
2112498,26
2483965,1
10199665,3
3485809,1
1669333,22
3424545,15
10674090,1
814240,1
3554037,2
4314195,1
6586990,9
5748427,1
6825921,1
9221036,1
6736821,17
2957969,3
7047942,3
1325118,1
3966760,1
8311875,1
2388529,2
7593748,1
11175516,1
4276008,5
4719240,3
8863594,2
8346363,4
11296909,1
7874188,1
2400038,1
8536399,1
10403586,2
9996118,1
5377889,1
7393650,1
11103579,1
8370780,1
10422107,1
11099935,1
10278252,1
5946427,1
8554010,1
1108407,360
4996225,1
5895046,1
11284650,1
8866825,1
10381833,1
5232348,1
1868914,3
9664963,1
10845162,1
9915315,2
10971450,1
9969622,2
9190824,1
9875121,2
7074537,3
3886336,16
9169251,1
9193434,1
10719586,1
2331585,1
2522691,1
7574622,1
5797072,2
3119823,1
2055735,51
9898081,2
4381957,14
10786023,1
3522500,1
1561981,5
11017647,1
617131,1
5058757,1
10004011,1
8189962,4
6541205,2
11113523,1
1497433,27
10062594,3
10874034,1
6557730,18
630578,49
10289494,1
5791591,35
9872313,1
2090943,2
4249152,2
10024460,1
7034522,1
7282770,6
1519645,17
10056140,1
9581253,1
11268252,1
3147147,2
9560012,2
6100028,1
3527901,2
2456226,3
7009412,1
10204802,1
8535101,1
10836018,1
4185027,8
3024945,2
9780342,2
8916144,9
10980225,1
74583,1
