6621076,21
4713629,2
2821324,9
8905394,1
9560413,1
7558210,1
2278463,1
10482791,1
529639,1
10597983,1
3404830,2
7953932,1
584908,20
3169562,2
3167799,19
8880275,1
8100595,1
5974980,1
1419542,7
415932,1
10710238,1
9493283,2
8774282,1957
3176753,2
10308136,1
6551759,3
7807682,1
8881779,3
2369859,1
222585,1
11161697,1
11190253,1
5100565,2
187756,12
3186653,5
10186286,1
9304570,6
6061478,2
4493714,7
10509007,1
3561214,2
8289380,1
3439887,2
9486669,5
9545195,1
9069563,1
7258952,6
9774803,1
1344527,2
8215471,3
4828497,5
3679250,27
3913187,1
11074676,1
562966,1
3225046,7
2927183,1
10245334,1
261203,7
9964820,1
11092243,1
4684622,52
2312725,2
9321760,1
9405091,1
4216289,3
673549,65
9854471,1
3386372,27
6804361,2
7645943,3
8402699,1
1973804,1
4790750,2
3494796,2
10385672,1
394413,5
5308141,1
9519491,1
9380783,1
10065,16
11170813,1
10095827,2
7505858,1
2770402,1
10434839,1
8375889,1
11020567,1
9624656,1
10789980,1
1486430,2
5032967,1
9003475,1
2014023,4
2694128,1
7284656,1
6629230,4
220929,128
10032899,2
10651649,1
9114102,1
9806140,1
7332850,1
1414952,2
10912586,3
5720503,1
9235982,1
10701364,4
11147873,1
577302,1
9802702,1
9425729,4
9159103,1
4572356,1
4082053,1
1048751,18
9009451,1
9452198,1
1876523,2
11031402,1
10874372,2
9329375,1
1122569,1
9681383,1
10073038,1
10394843,1
6808736,2
7541281,10
9426403,1
3235405,14
9905104,1
2320681,17
4930277,5
3381809,5
1644074,1
9322417,1
9975927,1
457314,2
164139,5
6772367,3
11072209,1
5452051,1
6232465,1
2112709,2
4553032,1
8883542,6
270663,1
133809,22
9181342,5
9103979,4
2618168,10
4609058,1
2174378,3
2661395,25
6583439,1
3907643,2
5819234,1
4009621,2
10246739,1
8786027,1
5476460,2
8767019,14
2083540,3
6790745,1
6909392,2
2691969,1
3479748,9
7644917,1
6634397,1
890953,3
2386175,4
10789089,1
555063,1
10770089,1
6914251,1
10965713,1
8924861,1
9061291,3
1262654,1
10128613,1
4132705,2
839185,2
10183261,1
10868289,1
3137549,1
10406993,1
11096203,1
9728282,2
9130654,1
10808438,1
4481537,2
9744842,1
6782069,1
9063947,2
11082497,1
4185013,3
9913989,1
2955722,1
7068737,1
490597,327
4138079,1
654937,319
11286833,1
10673069,1
5967456,3
1971978,2
6514516,1
8120917,3
7323607,5
1847516,27
2823601,1
7486094,1
9443909,3
6727240,1
3353251,4
8615071,1
4220914,24
10007077,2
8785334,1
9254008,2
641292,13
1507058,18
7595769,2
6510493,1
1496583,2
1276055,1
9332353,3
1730993,1
11051617,1
4016092,35
573207,13
2188175,4
1284533,1
9356627,1
4939160,2
8336369,1
9436394,1
10775039,1
3123175,3
3558948,2
732237,12
10872851,1
10185359,4
10166585,1
8903639,1
45229,19
8763158,4
3218215,1
9547120,1
581127,3
132440,1
2953805,2
1816826,2
7637212,1
9777864,3
9338744,1
4853057,8
9663068,1
10387102,2
10374782,1
10967586,1
9398892,1
10494473,1
1990337,1
918132,2
8692571,2
4131058,13
10943023,1
10465529,1
9862553,1
1835870,57
3400870,4
9228502,9
563145,1
652740,77
9039467,1
9398441,1
1028041,5
560931,14
7499720,2
10625332,1
9142886,6
2848703,3
9440920,5
10738346,1
11316569,1
10264856,1
10773554,1
4235008,1
72319,9
2963598,1
11025913,1
1817401,4
3517745,1
936664,1
2113177,1
8790284,4
2349185,1
11074360,1
9909452,3
3242830,1
4799616,4
8820325,3
9496019,1
1341854,1
2610490,3
870603,1
10685499,1
5404982,2
10524613,1
8454421,1
3420689,1
10947849,1
9250859,1
100427,269
10254299,1
10299605,1
4174574,8
6781321,17
734019,45
2206435,1
6780845,1
9168761,1
428109,7
10614145,1
8923934,2
2620156,5
10945553,1
9843699,1
874500,1
953197,2
9748659,1
6604840,2
8723558,1
8347358,1
2504029,3
9093232,1
4354600,1
2086466,9
9381773,2
11133661,1
4959276,1
6561794,1
6774509,1
1527218,3
4500625,1
3507746,1
1673180,1
10407587,1
7617629,1
11073037,2
155463,39
9800065,1
1908220,4
2894702,4
524887,3
638179,12
6840820,2
3469785,1
498454,70
10021044,1
2816564,17
2384852,14
2474645,2
9222166,1
3208252,1
9516980,2
2697909,4
10868432,1
7497957,2
1603547,93
1153691,4
4501516,2
10245433,2
9645644,1
6856652,1
8807843,1
9187670,3
11268400,1
10384547,4
10521995,1
1699335,1
4724401,1
9590627,1
1939479,2
3958034,1
6605470,7
9884135,1
8825113,1
3529166,2
10306002,1
10144192,1
10081651,3
7607053,2
6086228,1
6575717,2
9023888,1
1822450,5
5795952,2
11101684,1
8831468,1
1963382,1
89735,3
10295780,1
9557787,1
3931015,1
1504349,32
7675841,1
6799782,3
4650115,1
10349023,3
3162604,1
10911541,1
9939765,1
8012908,2
1366442,1
2254865,6
10424678,1
10346828,1
11095826,1
10303483,1
1004858,1
10379435,1
6769947,3
10865877,1
3069437,1
10124301,2
11143561,1
5525762,2
11026903,1
9441091,1
2306461,11
9833483,1
10410925,1
9943788,1
7394447,1
2695316,6
10857740,1
8840675,5
9398603,2
8848631,1
10757552,2
10084937,2
10863581,1
5512955,7
4951463,1
1833791,2
9475111,1
1741883,8
575539,1
10493032,1
5572157,2
1189449,3
7591853,1
301686,1
1987340,11
10120305,2
9495326,2
9255089,1
9362729,1
5943894,1
3577082,44
7526233,1
11100199,1
785400,2
1833494,1
2006095,7
10795433,1
8832205,18
1049048,12
10793318,1
3114427,2
11104294,1
2736022,1
7425352,1
8912981,2
2793939,1
1297241,3
10814378,1
2528735,2
6554251,1
7069727,1
4399890,2
6634199,4
4811260,1
2423245,8
11180452,1
8966504,2
10932034,2
3525250,2
1283444,11
10135543,1
9269282,2
2991623,3
11164351,1
11300223,1
2241940,4
1837201,1
8600185,1
1025981,136
1207385,2
9796773,1
10931044,1
9053786,1
3215498,1
5524321,5
9571097,1
2869089,4
9566796,1
1724891,2
2631505,1
983158,25
9258301,2
8911397,4
10135606,1
3489882,3
10359220,1
4716077,1
11239781,1
1631014,20
601458,3
5299827,5
6742351,2
10482719,1
5456165,8
438108,1
3300808,1
9341326,6
674160,28
10804720,1
2537285,3
9310474,1
1013001,8
9261749,3
10421851,1
4408330,4
9670853,4
10243813,1
9394409,1
3386174,9
2292188,22
10938821,1
452922,1
8791175,14
3362260,81
2261344,2
4822268,1
10784741,1
2820947,1
9248816,1
9932780,3
960883,2
9623053,1
10438871,1
9335738,1
9861211,12
9213968,3
5597006,2
4061821,2
9702866,6
11041591,1
8401492,1
8894135,4
385080,8
9157178,3
10324039,2
7690556,1
7073489,2
902968,3
10995567,2
8945813,1
10482890,1
10624009,2
9902783,5
8585002,1
2672230,10
9655148,1
10600032,1
11282837,1
9587748,1
8896214,6
1509533,2
1275678,1
5407006,1
10660180,1
7605488,1
9440722,2
9545618,12
1037861,8
243672,11
661119,10
9191819,1
621852,2
9738795,1
5510461,4
2350183,8
5743364,5
6616621,3
5405422,1
10859063,1
6781970,3
6794903,2
2358392,6
11255071,1
82813,23
10737815,1
9908921,1
9254099,1
5664227,1
3199163,1
5857566,4
11116372,1
6517522,5
4824806,10
8863797,1
9581041,4
6229847,1
10575301,1
11135245,1
9147476,7
3380440,3
9491050,1
3068285,1
10273865,2
10450066,1
1223189,104
163842,1
9826292,1
7050051,1
5831988,3
9833447,1
8974479,2
7044823,2
11300539,1
8767550,58
1508859,68
2897628,1
10228540,1
10020928,1
5420885,4
4453141,2
4474940,3
10036444,1
9855920,1
7531606,1
7779431,1
6930000,1
10109902,1
8255549,1
1692251,1
7804478,2
8450128,1
6699206,2
1740703,1
3306938,1
11199669,1
8910415,4
8408323,1
5383823,1
4081973,5
7586796,1
6582980,3
10390531,1
5595026,1
6801715,4
276900,2
8853842,18
2851060,1
10976504,1
1087479,4
3268067,1
4552556,1
3411166,6
2708401,6
3008236,1
10565816,1
10030017,1
8806006,1
1980671,4
3380341,1
8537276,1
240864,25
11266574,1
2655392,1
11139340,1
10357916,1
9481466,1
8948621,1
20578,48
6787514,1
9729731,1
9659397,1
10512436,1
3211131,13
7704785,12
1133206,9
11070823,2
10694200,1
10739237,1
8816753,11
9069761,4
6758084,1
1590146,7
9228458,1
11207551,1
1916915,148
3217621,2
9672789,1
5799552,1
1843853,1
10783391,1
10791022,1
9464221,12
7137677,1
8337304,1
11130240,1
7425091,6
300759,15
10540200,1
9191107,1
630663,2
72418,90
5837964,1
9836967,2
128733,15
8365321,2
11096492,1
1199899,10
2466167,1
3511354,5
2718040,1
11012430,2
9004924,1
8610030,1
1531321,7
4709147,2
550176,7
8792129,2
8559669,1
1083310,2
8250904,3
8943176,4
5827767,4
4524737,4
10156171,1
10053472,1
10544828,2
5719794,1
8582898,1
4324405,5
6752251,7
9720488,1
10091911,2
3905627,1
4889580,3
9396821,7
10206210,1
410135,5
9701920,1
2185051,3
4284464,1
1616192,2
2324209,5
5354555,91
9260858,3
2915627,4
8966856,15
1008917,11
9303742,3
4146719,1
3553547,3
10168826,1
4516619,1
7406597,2
4106597,56
4001827,1
1489518,3
11058638,2
10234903,1
3599123,2
10418837,1
6783491,2
8313698,4
10969629,1
3020773,1
10282577,1
1019384,15
1518795,2
9776261,1
5905922,3
10528015,1
11119540,1
2699565,5
2790518,2
11004312,1
5986662,1
10119541,1
299211,17
1592973,15
2062200,2
34771,23
3147782,1
10491115,1
9205138,2
1981265,1
3894404,1
1781032,12
4167031,1
922966,12
10302042,1
9979068,1
4816878,2
10623712,1
10999978,1
4516718,1
1052774,9
10390748,2
1471896,1
10108714,1
8631848,1
9465211,2
8714747,1
10220908,1
5746532,34
920788,60
9089525,1
964997,4
1392641,1
1673702,1
9929829,1
3116506,6
9036604,10
2098030,9
1046889,2
4229104,4
4444844,8
8337403,2
10233201,1
3214057,2
10378085,1
2187149,11
8770231,99
10838570,1
3054235,1
10986080,1
8794109,139
3495470,5
6721327,4
11034760,1
2166304,3
6700573,44
8693363,1
11300476,1
1948271,1
5702620,12
1201002,2
8262938,2
1890680,10
8849973,46
10040214,2
10918878,1
1839948,3
2378093,2
10924664,1
1952357,2
9299694,1
925620,32
1500073,36
10216660,1
4700182,8
10966181,1
2364205,90
3576119,4
10830064,1
11244082,1
11288156,1
9542747,1
7192883,2
1334168,31
6547673,1
7576184,1
10888647,1
9208144,1
2537681,3
8919515,7
2537807,1
9695397,1
9163379,1
7558760,2
3092053,5
5458956,1
10526233,1
10539419,1
3914735,7
10126886,1
10459364,2
1890842,3
5355446,1
8685605,1
10702057,1
6867506,1
1827004,1
9971101,1
7098077,5
3495236,2
1371004,98
8956659,5
2229241,3
8792778,4
9309520,1
7095151,3
4930871,3
6585851,1
9109900,2
5361449,2
507480,5
1017368,1
5371682,7
10369634,6
8938677,37
10790843,1
10758209,1
720852,12
2471774,1
10647626,1
6603553,3
2947109,2
9343658,1
9792821,1
1663299,3
2967693,2
9235234,3
1492370,2
2308955,2
4362773,2
4862877,1
9381971,5
1659276,3
9621037,1
11095862,1
4540720,1
5561762,1
7806692,2
676816,22
3061921,10
9086654,1
9297524,1
562669,2
6776011,2
85360,44
4157582,2
8822143,1
3566868,1
10324237,1
7939613,3
4387523,1
10211971,2
10488849,1
7767650,1
1552922,60
2300070,1
120579,453
9289181,1
3252235,2
8260895,2
4311139,2
10053634,1
10771772,1
4107136,7
1813405,2
10748606,1
3335189,1
7041097,13
9633368,1
7114816,1
4401265,6
5568486,4
9433946,1
9578063,1
8886963,52
5020573,1
8715935,2
11157061,1
6633253,1
10632325,1
2084945,9
8927372,1
3785298,1
3125713,3
3703829,1
1143043,11
4689113,3
8851312,2
4638524,1
5006713,1
11079879,1
3347564,28
8605946,1
4197506,5
4246547,19
