1361262,5
5929543,2
10567792,1
26324,1
10439532,1
9767833,2
3482370,4
9492874,1
10037042,1
2565135,1
8360295,1
11214251,1
567425,21
4694996,29
8302523,1
1406659,2
8447451,4
7057455,1
10848952,1
11223521,1
2321108,15
6262089,1
11204667,1
10238111,1
9618126,1
587838,1
1362252,1
5458050,3
1805607,6
2367685,1
9058047,1
562871,135
4709610,1
6690228,7
753707,1
5885056,2
2133891,2
9652902,1
1472755,12
726257,4
4861341,11
3060855,1
7254212,2
7327464,1
6693531,2
4370012,1
11048959,1
9575124,1
10915975,1
892640,47
790238,11
3456847,4
2610837,1
10700892,2
2288133,2
5616964,7
5780179,1
3320252,4
1846909,43
7591362,2
9186153,1
4451580,1
10177605,1
10893114,1
666722,1
91034,2
11120110,2
9181013,1
9795094,1
3121578,6
10871947,1
7786807,1
10190321,3
8593440,1
3332033,3
4949209,1
2142864,1
7789967,1
3918655,2
8580039,2
7768564,1
6749205,1
10182140,1
9212333,2
2318012,25
10228310,2
9319209,7
9208464,1
9223773,1
3006279,2
10120878,1
6534988,28
10666918,3
10262187,1
2254338,42
2885103,1
10282284,1
10982511,1
10303712,2
7384768,1
2538009,2
2829790,10
9786346,3
10827351,1
3932424,3
10183284,3
1365439,3
5867731,2
6582093,6
5520609,1
1499972,1
9470283,2
7324043,1
484166,2
222869,20
5016339,1
3899710,16
6631205,6
11214369,1
1342119,2
9192291,3
4336759,2
11195064,1
929793,9
5039299,1
9732273,1
10319283,1
7517148,2
2134782,1
8910023,24
9884455,1
10012256,1
10373111,1
10020473,1
10065177,1
9461139,1
2903418,59
215263,2
1202664,2
9197791,2
4076073,2
1123860,2
10350756,1
7024686,1
10680921,1
2337471,4
2003291,1
8814183,1
7101554,1
2415645,2
11064285,1
11059687,1
6884719,1
1340120,6
2061233,2
9664062,1
10762371,1
8544435,3
670231,33
16622,19
10902555,1
2782594,4
9502854,1
7304991,3
11141964,1
10831987,1
10741897,1
9017592,2
1806534,4
8875898,1
628742,27
1959698,1
3216302,1
4890862,2
9770929,3
2789029,10
3242141,1
5845258,2
7387738,4
9694771,1
8757538,1
10001465,1
1898164,18
5613840,3
10604826,2
3362959,2
2422421,1
2404601,1
3928519,4
7935379,1
3008141,1
3118905,1
10905011,1
9533607,1
9173445,1
910900,2
2629873,1
4806748,2
6135688,1
9764728,1
5060303,1
2844315,1
9432528,2
10766782,1
4786651,4
9979270,1
2950597,1
10213721,2
9171410,1
9191823,2
10737360,1
5525488,1
10350396,1
9717162,1
11094543,1
2457063,15
3496582,1
1316217,1
10697149,1
231779,1
11144277,1
7072467,1
5029605,1
9377179,1
10950020,1
10077192,4
4193055,49
7329697,1
10792233,1
1185394,2
4449358,1
1178662,1
10437615,1
11301948,1
8329759,7
11219418,1
10373364,1
10712079,1
3274074,3
10888057,3
2470455,2
7722735,3
790076,2
9815488,1
6513332,1
10718910,2
1211376,1
9871783,1
7257039,2
500905,1
10347363,1
11139110,1
9980908,2
8583397,1
9779452,1
706916,2
2384028,8
9131315,1
2689633,12
1767943,1
1623315,1
2787841,2
10408185,2
1144100,1
10246284,1
3425797,1
53829,173
8374191,3
2002427,1
2756593,1
616628,28
4626829,38
9156354,1
6593406,8
11063105,2
9379294,1
8263671,1
3474090,7
9719890,1
10888552,1
4807774,1
3219264,1
10386531,1
2701142,1
8473092,12
11203523,2
3968056,27
9087054,6
10220651,1
4518955,27
3055482,2
3123657,1
8542392,1
7179775,1
8040371,1
11245293,1
9807450,1
9808819,1
7799416,1
9873169,1
127928,5
6771840,7
10911465,1
9027393,1
6534889,17
6723212,5
1801746,1
8355543,1
2315259,21
1220547,102
2518605,1
5409045,1
9612582,1
6759718,10
1562287,11
9647188,2
9694870,1
297867,190
6599635,1
9506616,1
7049238,1
8810330,5
54954,417
8815885,1
8688832,1
10805832,1
10806327,1
11082564,1
8963719,1
1225687,1
3390110,56
11149461,1
2114135,3
11098819,1
6782037,1
1194862,1
11213063,1
10785754,1
6728352,2
7252331,1
292565,12
3277954,6
9053655,1
175943,1
11249929,1
7407195,2
8915064,9
5743486,1
3917926,3
11276541,1
10275552,1
22526,10
5519034,2
557921,5
9482361,1
8762884,1
2840616,2
8937042,5
9752172,6
8807118,2
1082181,2
2710728,5
4941388,4
9330107,1
10241207,1
8937655,1
5069458,2
3202109,2
10854441,4
8686005,2
4525434,1
10925163,1
4793347,2
103654,1
3586177,2
1298056,1
7298872,1
11288935,1
7820033,1
8330694,1
4480254,1
4011434,1
1907767,1
9417002,1
5350761,1
3380562,3
760060,3
10202534,3
5723848,1
2677294,1
476859,1
6528435,30
1524513,1
9563758,2
8876572,2
985502,13
10775692,1
242254,5
100530,5
9595276,1
6728118,4
2840157,1
6792531,5
10543680,1
6789300,2
10615969,1
10899505,1
11268621,1
6268227,1
2026575,1
3758077,1
10180025,2
6892279,1
5886299,1
11267037,1
4413050,34
8307410,1
10570176,1
6579989,1
4173,1
2595033,1
455401,3
8896949,1
3627180,19
3485106,1
2629125,5
11255715,1
2415546,47
10719441,2
750421,1
10951579,1
9998459,1
1800495,1
3299437,8
2016936,1
3201669,4
10098504,1
6533907,1
134759,8
231265,7
3347334,1
9136590,1
4973563,2
11082267,1
1977661,13
9626703,4
10158075,1
10257372,3
5415183,2
11199772,1
4503717,3
10825038,1
1064622,8
1212960,64
4044195,1
7166517,1
3904902,2
9579436,1
3535533,1
5466682,1
1968003,1
6762930,1
11214468,1
2866483,1
9705444,1
3429207,28
3641760,1
11055573,1
2131974,2
10311830,1
5878621,68
9330701,1
2485819,2
9961279,1
9899305,1
10480996,1
11156201,1
3052737,10
3907864,2
5768632,1
4814217,1
10432016,1
8340107,3
10154439,1
4939840,3
7215143,2
8608065,1
2831599,1
2798731,1
10119050,1
2325357,7
4514409,1
234631,5
10886374,1
200476,2
9876535,1
7409832,1
2038815,1
400456,10
2877373,1
5465601,4
10965934,1
2028401,2
8986660,2
6823004,3
10880956,1
8311686,1
4720725,1
11269053,1
1620903,17
9045078,4
10199836,2
3368061,83
5404356,1
1064028,15
2514131,1
5007663,3
4569841,1
6745795,1
10614311,2
28304,10
10713050,1
9078009,1
7048130,1
8226645,1
11069785,1
9265218,1
10570239,1
7186100,3
6924336,1
8297070,1
1514415,34
9070188,1
8551266,1
8992663,3
2891557,43
2185434,1
6168402,1
301140,17
10012157,2
2189980,1
1982061,2
232200,9
6128208,1
1616575,1
2481147,1
10188946,1
5552424,1
1284259,12
4280887,1
3533652,1
1874313,1
4332131,1
9002769,4
1670007,17
10003698,1
8978957,1
9759616,1
5516460,1
4225167,1
969690,39
1350886,3
9803751,1
10441160,1
3018717,4
3088350,1
10641555,1
2141775,1
1227829,1
266050,7
2660337,5
5417974,34
6121476,1
5471901,2
7374291,2
10050489,1
8743461,1
8808856,10
9569077,1
9079846,1
5620473,3
7600712,1
3022064,1
7059075,2
2874664,1
10418346,1
2360862,3
60641,2
9511151,2
9637486,1
7432863,1
10287171,1
10163583,1
1485724,129
10791757,1
10476838,1
643097,136
387696,27
8988406,3
9686617,1
11294226,1
6719794,1
10963954,1
5745925,1
11237076,1
9197700,3
1627528,3
7817352,1
9871882,1
564356,27
10717164,3
6725841,2
10002004,1
10706733,2
4411287,6
11017098,1
5061285,1
8246184,1
4178593,5
8755657,1
9772431,6
11020535,1
61235,1
4963069,2
11101003,1
4852288,2
7061621,1
569081,16
11240450,1
627914,4
598313,2
2953413,21
6777420,1
10652805,1
9573603,1
10210850,1
9238777,2
2217546,2
4540149,1
4001273,4
4684131,1
2319417,12
8777833,9
758333,1
6593659,2
9612807,2
3633282,1
2482849,1
10472878,1
9692692,1
9220253,1
9122603,1
9303468,1
7257534,1
10735605,1
9111911,3
9909835,3
10641654,4
4068018,1
11162402,1
4211054,1
10516851,2
2990692,6
1487542,11
111574,22
3974004,1
3532860,1
11176713,1
9773773,1
2605662,4
6715806,1
10742887,5
9704553,2
11275416,1
390322,1
615223,2
2620935,8
3117492,1
11071278,1
7104461,2
11028582,1
5173713,1
9543309,1
11114027,1
3026079,1
4665772,1
3487276,2
1371261,1
4033368,4
6737127,17
7324403,1
48492,8
2043413,1
11296819,1
229420,4
2299889,1
27215,8
9516093,1
4960954,2
5536873,5
10069533,1
10298322,2
2522727,1
8916667,36
440317,340
3528405,1
10495387,1
7277947,2
7077156,1
10243421,1
9595122,4
9694834,3
2209112,2
6434088,1
1046082,1
11002292,1
10755504,2
8297908,1
19430,1
9828358,2
4855357,2
2838925,1
3558295,2
6887013,2
1571593,1
9939634,1
9648772,1
11084283,1
6580374,1
2140271,8
9797830,1
4902228,2
114544,20
3107394,1
237296,1
111,4
11276956,1
10130723,1
7129266,1
1947367,123
451441,1
4979198,1
10636443,1
9020435,5
11062511,1
6581625,1
8720295,1
7355607,1
2033810,4
2326581,1
1296274,66
985043,88
2472273,39
8278521,1
1747684,15
2594359,1
164099,2
9223476,1
10686457,1
5008095,2
1357519,1
4687200,1
10859545,1
10669627,1
9598895,1
1893178,4
9450942,1
11273139,1
10692900,1
10770219,1
8845549,1
5905189,1
9384810,1
1779364,15
3569798,3
6727623,6
7820088,1
10545921,1
2381490,4
2240775,2
5956831,3
1524829,2
7258326,1
4056787,1
937974,42
1675606,1
4727980,3
425008,1
5989556,1
2111877,5
10147086,1
5733072,1
10444383,1
10489906,1
10693332,1
11281455,1
10290726,1
8240216,1
10014371,1
8975220,5
109289,3
10890045,1
10761741,1
10527381,1
10572967,2
7108638,1
1206976,1
3710961,2
1823328,3
4940497,6
9723165,4
9261618,2
9759319,1
3099295,13
8893267,1
2062476,7
2889118,2
4803561,1
4695076,1
7055222,3
5603382,10
9559933,2
11133684,1
10237022,1
11058381,1
10602846,1
9250764,1
3237543,1
2460195,2
11010833,1
8302262,1
10092069,4
10544931,4
11082366,1
9398464,2
10000538,1
3417264,1
6756270,2
2338876,1
11204090,2
8843613,3
5404617,2
10019475,2
9153799,6
10927099,2
9245869,1
1568362,18
10798264,1
10141091,1
9439530,1
3007250,2
8552058,1
6754768,1
403679,10
2188701,9
5499514,2
10456939,1
4275676,2
9340359,1
2621213,6
2669833,1
2315691,2
3464055,1
8119365,1
9567240,1
2377387,5
10267489,1
6814941,2
10330046,1
9941622,1
7296955,3
2706804,3
9267270,1
3214278,7
8537497,1
11310605,1
2840292,3
5771665,4
2686762,1
4809493,1
9243375,1
9426011,1
7139111,1
1069564,14
9409588,2
10641096,1
9909772,1
675588,8
9840903,1
1099426,14
2889613,3
4576870,2
8535822,2
8758861,1
11039689,1
10103372,4
2104686,4
8936566,8
8579077,3
2395729,1
6938287,6
2337534,2
10708551,1
11241305,1
7953658,2
9711609,1
8333862,1
2470301,2
9851884,4
10616643,2
2495106,4
9694375,1
10592866,1
9897820,1
9577159,1
9007700,1
10659565,1
6739495,11
5617855,3
7610054,3
4011885,1
25587,118
1317900,1
2059696,2
1363891,1
7295929,5
8900574,7
9255714,2
4326705,1
1657426,24
2263130,1
1970307,4
4007529,1
10201346,1
9776383,1
6781542,2
2995381,1
11000870,1
10694421,1
10435275,1
1856133,41
9749815,1
4886740,1
1858311,1
8329182,1
5594518,1
8789155,43
2904796,20
195743,63
2905588,8
8335446,1
11296503,1
9281319,1
1279958,1
10032092,1
2202182,1
5698919,1
10974899,1
8889145,2
4396618,2
7290528,1
455302,1
2440890,8
8842678,7
10933245,1
1763983,3
3085597,76
299630,173
9493512,1
10057491,1
2285938,2
2879218,5
8773675,2
5349150,1
3563253,4
11051261,1
10428183,1
10818504,1
9405889,2
6537381,1
929504,84
4503753,1
1783783,27
7607788,1
8773378,1
11281257,1
6806012,1
9207870,1
4446135,1
746967,1
10336671,1
5568102,1
8721032,2
9563280,3
8043242,1
10766089,1
9765493,2
2638945,7
8383920,1
6615618,9
