3413972,1
41996,57
7289838,2
3631178,1
1200046,8
9076238,1
3577124,13
7422325,2
2528769,2
7247898,2
10496630,1
9221001,1
110207,2
8364879,1
3338688,1
8838729,2
10354925,1
11135639,1
9855800,1
7518941,1
9856449,1
10138547,1
1300586,48
2137529,2
9099594,1
1172642,23
7297307,2
1847388,1
1432300,46
672024,5
3049319,15
7367075,1
9202048,3
54929,88
9313874,8
5884770,4
7979346,1
10006363,1
8709290,1
10112059,1
9429399,1
10098515,1
1039776,1
10564797,1
5477385,5
9618434,3
4410316,14
2129483,1
10330912,2
9527813,1
9129473,1
6916463,7
3375128,4
1436117,6
6791354,2
6590997,1
1896096,91
10840754,1
10893837,1
4404052,1
2949357,2
6537815,13
2952470,17
8321245,1
3453536,2
8323126,1
10193915,1
11115776,1
200649,30
4389023,2
1216120,3
9174608,1
1440671,4
9686312,1
9502711,3
10345600,1
9647397,1
1477914,4
7426772,1
9979542,2
5580218,1
1944966,1
10242596,1
10660835,3
9678546,1
2527760,1
10055846,1
5824028,1
9351106,1
4329579,1
10426420,1
10815347,1
3539144,1
8627246,1
4901708,3
6632440,2
8822276,6
9566162,1
7936820,1
2069219,1
10693109,1
10091288,1
10692416,2
1976033,6
388697,6
9632519,1
7291628,1
10748720,1
1526694,4
9838269,1
9519948,1
3413620,4
9151522,1
9410146,1
9898227,1
6941177,1
9475992,1
10467678,1
6833663,1
1936488,3
4042135,8
1962786,1
6434891,1
954166,2
1896159,3
3507879,3
9766205,1
1050674,1
2005958,1
5490029,1
4159145,1
9249579,1
1426668,10
4728332,2
6860456,1
8716409,1
1055363,1
9277307,8
8038097,11
2150858,1
10163657,1
3267218,1
6579846,1
8866449,1
11286416,1
962130,1
10259877,3
9354112,1
2344079,1
10938143,1
10157104,1
5357702,3
69653,5
4686221,1
5224583,1
2778997,1
6809147,1
11194049,1
6878925,1
10792992,1
1557708,1
2031959,1
1288923,1
1666149,5
9252593,1
11023192,1
10628570,1
10327024,1
360138,1
2747757,1
5811752,1
896828,2
6714610,3
9733788,1
11221868,1
9439794,1
9100023,1
5353643,2
2364833,2
678451,2
259681,1
7539588,1
418576,8
9801980,1
9951371,1
2466894,1
11083826,2
8118430,1
2872442,1
9281726,8
9331559,2
11025370,1
9702034,1
1629753,2
11156825,1
55801,48
7109260,3
8796005,1
8871740,1
9335951,1
3025504,6
10245269,1
1235246,2
6916364,7
10032111,1
99119,1
1461263,2
4628856,2
3974727,4
3987930,3
9842589,3
10706131,1
9236159,1
1709264,5
10405946,1
1892504,2
5836494,3
5501684,8
204843,14
6755219,3
5941695,2
4159109,22
9271961,1
10069698,1
8993826,4
8589546,1
1711018,1
2710360,5
9608930,2
8559288,1
4222964,2
9204578,1
10605827,1
1646583,1
9091330,2
9493820,1
2480564,1
3350062,3
285907,1
5747204,3
10388063,1
3421856,1
4841615,1
3559494,2
4501171,1
7486532,1
2523629,1
4157327,7
2885114,1
5804165,2
10708427,1
9195038,1
5017060,1
674518,30
2357381,7
5811257,1
1172697,9
6600265,3
10023157,1
11246195,1
8973314,8
4841291,1
8939943,4
10099398,2
4670381,1
7236142,3
10831330,1
8886186,3
8861994,2
4812509,1
9113498,7
7084358,2
9508445,1
9753470,2
940710,4
2069192,3
10839855,1
10680077,1
9020743,1
9050641,1
823071,1
8971172,13
1939755,1
3014254,1
7888266,1
11271511,1
4727793,1
11193969,1
2452745,19
9494351,1
2638794,2
1011514,41
7755317,1
3557360,1
6710812,1
6694334,21
9762957,1
9648981,5
11311246,1
10417150,1
4076408,2
10366940,1
6643682,1
3041380,1
6862120,3
9381851,2
4407932,4
10575173,1
10975034,1
6219728,2
2033821,3
7169787,1
10189073,1
9995742,1
8303678,2
9430441,1
9507969,1
10487577,2
9688996,1
2049257,1
8278172,1
6966675,1
9262358,1
10458001,1
9746702,1
487741,1
3884079,2
10608635,1
1104151,3
9436021,1
10873064,1
4347795,1
5878948,1
10078490,1
8988769,4
9326780,1
6904187,2
1559823,2
9809441,1
4492541,4
172470,6
1737344,14
8566028,1
5591405,1
2055601,1
10989147,1
4965140,20
9850913,1
6634538,7
8784521,2
8300518,3
4893186,14
11071946,1
9978714,1
1359186,19
2903168,1
1339584,2
9426473,1
10658630,1
7818317,4
10019684,1
8774621,2
4516689,2
2097371,2
2050057,5
2382969,2
2560916,2
10513801,1
10455545,1
997907,1373
1781165,1
6701894,1
10266716,5
6816437,1
8563193,1
9687654,1
9460141,1
9964241,1
10409483,1
7247087,2
4833335,1
3507662,3
7151579,1
2628696,1
11074240,1
1784135,1
9000547,3
10201005,1
10234739,1
11074042,1
5467449,2
8892981,9
10669476,1
7875495,3
402285,7
9919034,1
9243386,4
1459220,3
8508347,1
8450558,3
2694855,6
2099252,3
3175030,3
10478568,1
10806572,1
6942761,2
7058690,1
8362484,1
9790938,1
669343,5
10318051,1
3030968,2
6532351,13
2407637,2
1027742,2
9247544,5
7481799,1
9400183,1
3549044,2
9659538,2
10890254,1
5594015,1
10953911,1
9455840,2
989726,3
1312367,2
2758133,1
3496502,7
9384777,6
8108530,1
1711153,13
6765650,1
3978877,1
3141433,4
252066,14
428179,6
811551,12
3216115,1
10191539,1
9195173,1
10739252,1
10328050,1
939352,1
9005885,6
3803870,1
2438976,23
4108600,8
9632005,1
9999397,1
5592170,3
5035493,18
10181873,2
4150397,1
1766711,1
8415287,1
4725326,7
9573416,1
11149139,1
5803887,1
3938529,2
457285,18
10714628,1
11023868,1
11072279,1
451056,4
4866500,4
8784620,3
6537950,1
1445261,7
2440351,1
2805301,4
8272141,1
9080800,2
9232207,1
9921789,1
7587567,1
10381006,1
10887537,1
2598050,1
7404280,1
564213,13
3490265,3
1145057,21
1458483,4
7369118,2
3368748,3
9668907,3
10286769,1
9953414,1
3505998,1
11048159,1
2493984,2
1842347,1
10872885,1
4184750,7
8810792,16
10332587,1
11198009,1
4493784,6
11266517,1
1664925,101
10864415,1
7466273,1
255685,1
1064732,4
40654,7
9637280,1
3968166,2
1684563,2
7962876,1
8314810,1
10294634,1
1964513,11
8981432,4
797152,118826
4832309,1
134616,6
7519571,1
6725104,2
7608734,1
8859555,3
4403576,5
8944406,1
9628983,1
846913,19
10633330,1
3215837,1
8274220,3
11180189,1
10521361,1
9305242,1
982309,1
7400149,1
6932069,1
9163204,1
10134334,3
1750934,10
9581949,1
9571986,1
10482789,1
10538741,1
2773640,3
1837947,1
3417635,2
10760979,1
8829594,29
9124388,6
52570,33
1535667,2
9249975,1
10520489,1
2800513,1
10885557,1
10981848,1
9851480,1
564466,9
10467560,1
9392903,1
7130833,1
3560203,4
4726866,3
990823,2
10632719,1
11076374,1
8582228,1
2172872,2
1850528,73
736366,2
2979156,1
10069742,1
8980497,1
10643348,1
221871,7
11188181,1
10401238,3
11126369,1
5951199,1
676985,4
1391072,9
6539787,3
10152550,1
6686928,2
11138997,1
3551186,1
5765060,1
9461582,1
4388330,7
11024641,1
4023938,20
7578693,1
3434429,3
9890153,3
1393269,3
8748161,1
694714,1
7955685,1
10253846,2
1814762,1
1347215,1
2816697,2
3196785,1
8330867,1
5918565,1
698729,2
10652717,1
6941636,2
8757648,1
10226495,2
900318,2
4701214,2
10403867,1
8037665,1
5791025,1
7566939,2
953220,9
389335,1
9310101,1
9994518,1
76745,406
7547615,1
393817,2
704334,1
9438218,2
3512837,16
7092539,3
8701441,2
5902634,2
1868574,5
11145836,1
8357534,1
3298818,1
4447947,1
3504458,1
6829505,1
7258120,6
10758062,1
1805041,8
558210,50
8697401,3
8243,23
608755,1
10576622,1
9813527,1
8855397,38
2472185,33
5596130,3
586480,2
1802189,1
10682868,1
7114174,2
5983987,1
6566778,1
11206199,1
8947926,7
8578142,1
10912312,1
10181837,1
10653608,1
9217781,1
6517303,2
3476306,1
7333225,2
11256194,1
3323648,1
9222398,6
4516472,1
9262259,2
4806380,6
4354670,1
10465030,1
4689048,1
1318640,4
5420765,2
9910943,5
8365102,1
8447426,3
1154363,2
8869851,1
3255635,2
11162512,2
10728524,1
9366740,1
10908858,1
4195442,20
2460368,6
1591764,1
445864,40
9403513,3
9950309,1
1292171,1
359536,6
3941804,2
10809281,1
2475452,1
7483823,5
3188351,1
9269360,1
1271444,1
11023813,1
3491813,1
2472798,1
9908045,1
3503611,1
3820051,1
10969608,1
6720091,3
215733,10
2883189,9
9142513,1
5660804,1
10959898,1
6758225,5
9127619,2
10575489,1
8989740,2
7368461,1
8930285,1
4660904,1
7455185,1
5535605,68
10554680,2
6827624,11
11129933,1
1956684,5
10337474,2
2967438,3
364134,1
10855901,2
902686,4
5587888,1
9536822,1
2427077,7
5307545,6
9989640,2
11254321,1
10528995,1
2783793,35
1099536,1
7798121,1
10187453,1
7070641,2
3534419,2
5410865,1
9583965,1
7071631,2
8253232,1
3365679,19
4850264,1
10044659,2
4156733,3
6524846,4
2492381,2
7185374,1
965353,1
1507631,145
2511947,2
10420903,1
11252206,1
6509771,5
8714825,1
4328787,56
3372950,6
6528905,9
1741169,1
1477301,4
7059699,2
737202,10
1082291,2
3996147,1
8934993,8
1539267,1
9094058,1
2087633,3
7296155,2
9880910,1
5811653,1
96707,3
2096147,4
7499303,1
10436834,2
10809399,1
94114,16
2532179,2
11044144,1
189869,100
662061,54
9680237,1
9879192,2
8736957,1
1853138,1
8291979,1
9752147,1
10909785,1
7793531,1
740136,11
402186,3
187122,5
1459275,3
10845182,1
3142676,1
11233784,1
8409248,1
7389314,1
11099207,1
9208060,1
1442615,7
5466440,2
9033019,1
10400482,1
9507590,1
6812224,2
11049680,1
7602703,1
436800,23
8430695,2
10880318,1
9465182,2
217119,54
9318563,3
7959131,12
4408463,12
9246392,1
6785315,2
1324085,12
9236951,1
2809217,8
3015640,91
10581635,1
11274374,1
3015596,1
10682552,1
3003364,3
4913066,3
363801,1
4670444,1
5036609,2
4468124,1
2200889,7
2055755,5
10459901,1
9430757,3
5775438,1
2882441,1
5785437,1
3199791,1
11297801,1
447998,4
10830719,1
5037888,1
10809182,1
3655730,1
2712241,1
11266454,1
1771012,1
3987020,7
4379574,8
2608283,1
10572310,1
3406349,2
10158185,1
1039127,2
9598095,1
2445392,1
3274896,2
8011375,1
421095,14
5137364,1
4213900,2
5487582,1
3990251,1
5998837,5
4982385,2
7649874,2
6728778,1
8781713,1
10362845,1
2881712,1
10132651,3
4504790,2
6511778,1
10467425,1
8963766,1
1300982,4
10135225,1
11193716,1
8583092,1
11314766,1
10947116,1
9116350,4
8961470,1
79201,6
658057,1
1403708,1
9099701,3
2138519,2
10311409,1
10022725,3
10307639,1
4569159,4
1089339,1
7063117,1
3538811,1
8578197,1
1047443,29
9570581,4
9564759,3
793002,17
9035,4
9999405,2
4601378,2
5056841,1
8247248,2
10274122,2
10534231,1
4676321,2
2202869,1
10870715,1
9959544,1
1416290,2
523362,20
1444730,5
9111328,1
10147691,1
1497714,1
8738261,3
289309,1
5254959,3
11072972,1
11093050,1
8298981,1
4260133,4
10184708,2
3936585,1
1412492,3
2627002,1
8953712,1
5812805,1
430266,2
6936326,3
1935047,1
5377098,1
6855597,1
11090693,1
8411588,1
10884350,1
11244124,1
10992260,1
3213992,2
6805646,1
1009878,2
4507328,1
9006839,16
2841716,1
6355204,1
1290416,20
1621896,2
4909304,1
10034696,2
8321605,1
8629226,1
9084491,2
1842707,4
4565243,1
10288983,1
406344,1
6390151,4
3025658,2
2250587,1
4106378,48
7491842,18
2155844,1
8803727,116
4159406,1
10758738,1
8458000,1
6470594,1
2821097,12
9184841,1
10387073,1
2477531,2
3448361,1
7386740,3
5757591,2
5389572,2
1454748,1
58565,22
10222309,1
10542412,1
374647,2
10861184,1
10960995,1
10609526,1
2656721,2
7440497,2
6512155,3
4526138,11
11239210,1
2491256,4
3491318,2
249899,2
