3087991,19
1071886,3
8366316,1
1298074,1
7069317,1
8307384,1
10303271,1
167942,345
4502808,6
2006658,2
10043739,1
8726415,1
635401,4
903287,29
9354138,1
2065365,2
1424046,1
8717442,1
9036681,4
2098648,1
9199041,2
10498735,1
10776826,1
8892204,80
10304739,1
2458332,4
5808899,2
8562949,1
1554448,4
7297314,2
11074211,1
8600685,1
3473857,1
3215808,10
1409845,1
5402754,1
2476710,3
545050,4
1526926,74
4222025,3
4966967,2
1357221,4
9259189,1
8666124,1
9216726,2
1308414,4
3348603,35
9622725,2
1521822,1
10231974,1
9227102,1
8896615,1
129250,66
9677824,4
522901,1
5747824,2
10691848,1
1329916,1
3114512,1
10971180,1
10264185,1
5866165,2
2810321,1
11229336,1
4515255,3
2786275,7
8736568,1
280865,1
6555741,8
8915497,1
2807659,8
418231,16
9070269,1
1820420,1
9559951,2
600300,107
9916882,1
2561094,50
4456413,1
2645406,1
7510659,1
1809027,1
5007807,1
5729446,2
2697689,35
6892558,1
2901294,2
676802,1
8951109,2
1429384,12
1624873,2
2059777,1
4002957,1
10684503,1
2380383,26
10925992,1
1602895,9
9141170,1
3545929,1
2180051,2
2133972,10
9514969,1
5492863,1
9215420,1
5515669,1
8798443,1
2394108,4
2944026,7
1245612,1
2489239,1
7795537,1
781607,1
9531997,10
1092838,1
7413260,2
1832094,25
10717399,1
7288242,1
7538154,1
242830,20
2726839,1
11046546,1
9268440,1
9269449,1
9592882,1
2102174,4
7786726,1
10726001,2
8350872,1
8619487,1
8361825,1
9009690,2
3383910,24
650116,5
255791,2
11044412,1
8786068,1
8918863,2
4900266,1
9128292,1
10091006,1
7365778,1
10104759,1
10128591,1
3482091,1
377778,2
9806857,1
237179,1
2988884,1
1759546,2
9868949,1
10950453,2
8584611,1
8920040,4
4836565,1
438743,7
9693411,1
9619035,1
9267612,1
9626677,1
8964727,3
3245148,1
10156121,1
329087,1
784154,1
10723842,2
11294109,1
4586914,4
2619045,1
5494582,3
10884024,1
10762669,1
4534777,1
5953780,14
10669681,1
10019592,3
7169794,1
10846143,1
10855152,1
9593025,1
5545611,3
3272689,1
10270089,1
9755520,1
1642918,1
574337,1
1964278,1
39465,1
678224,1
3997793,2
10336752,2
9962133,1
239041,5
9443535,1
1891125,1
4650354,1
4011650,1
10547820,1
4827952,1
4798612,9
2974375,4
4792078,1
6616662,9
2176542,1
7112660,1
3555711,1
2268865,2
5734080,4
8989351,1
10253718,1
8956447,13
9214089,1
1845423,113
6538650,1
5489588,1
11109609,1
986529,1
5415525,5
8455119,1
8472994,3
8457036,1
1133797,1
10311966,1
2401253,1
1967248,3
8364688,2
10936585,1
11191581,1
10733580,1
1304715,7
2922598,21
3868958,1
2705337,1
1762821,10
6515286,1
8859166,2
9642165,1
10082943,1
3672135,1
6534591,3
1588603,2
10937773,1
6512838,1
8966545,1
2281482,14
1502201,32
4482667,1
5594338,1
2503278,17
1376284,11
4197330,63
3295990,1
1491646,1
6712692,1
2082041,1
9547161,2
10712402,1
10404314,1
133174,20
1385653,4
1662817,6
9421593,1
9822408,1
11054961,1
998346,7
5081265,1
9293217,4
1033851,11
9383299,1
3457198,1
10784485,2
3141495,1
2142288,5
4327092,2
10457073,2
9065814,1
9197638,1
6861453,2
8161746,1
998607,2
4444687,1
7938664,3
5971212,1
228962,4
2703753,1
8414826,1
10223397,1
7113056,11
8767159,1
9114819,1
9581505,3
9993120,1
4572108,2
2282076,25
4787128,1
2951514,5
390458,13
10392219,1
8652462,1
8337408,1
6805392,3
10274896,2
3335373,5
425378,1
6780633,4
7071440,1
10319229,1
4114313,1
10747297,1
5773168,1
10535445,1
10788049,1
2343140,1
3251998,1
4148064,3
5798413,9
7439910,2
49167,32
734852,35
1186564,19
9355461,2
1837396,3
9374073,1
434585,6
1944522,1
10095769,1
11219021,1
9938068,1
4884995,2
4986910,1
11084922,1
8563777,2
3577898,1
11136177,1
2489833,8
10472481,1
10582434,1
6508455,1
4239144,3
2293678,2
3149352,38
10752417,1
8878732,1
11107926,1
10949293,1
1433415,23
8313648,6
3330233,4
8928213,1
32147,30
6967023,1
7066743,3
9873231,3
9979216,1
9777751,1
1901303,3
3504366,5
6869464,2
9960252,1
3361338,4
9920102,1
9533562,1
369399,1
8791576,5
8963377,1
10927620,1
8551130,3
9577889,1
4392126,1
1509123,169
2115008,1
9836296,1
600751,1
6910890,8
642430,9
8874420,2
4865077,1
11025080,1
7279035,1
4891537,1
3344643,2
5669353,1
9172770,1
4686959,3
6627219,3
9223692,1
10595205,1
6727209,1
3950064,2
3343356,2
6729621,4
10389673,1
674976,34
7407339,8
10670544,1
697089,42
10472599,1
1415389,2
9584511,1
5350905,1
10117962,1
8906631,1
2995723,1
4777723,2
10743048,1
3402756,1
10883746,1
2128310,1
10807786,1
232831,16
7412333,1
101593,2
2633562,8
9898171,1
10113001,1
10574451,1
675191,3
4557682,1
9780171,1
1208028,1
4167685,1
9280086,1
3210704,1
1891837,9
10001645,4
9810825,1
9219075,2
10882404,1
10654344,1
11189494,1
9149758,3
3029878,1
283439,737
10170206,1
36891,1
10820510,1
67482,65
68175,5
7611837,1
4503771,1
10652265,1
5591412,1
1753317,17
7810863,1
4081527,5
1756972,1
6699580,5
8331350,2
9267315,1
4465738,1
11222450,1
10745776,1
10778996,1
250750,382
7267911,1
4692484,4
10463472,1
3213215,2
3438487,1
9624859,1
664427,8
9531744,1
9855169,1
3089421,3
10618993,1
101854,165
2109258,46
9171645,1
5744854,9
4279519,1
7783143,1
19926,31
10937160,1
6815517,1
6097500,2
8757204,1
825888,2
11011346,2
197444,12
9075156,1
35450,156
8276721,4
8575099,1
7214630,12
1043003,2
1920924,27
9927538,1
745959,13
8734038,1
2367711,3
9880125,1
7053378,17
5953230,1
8836800,1
7116837,1
8618505,1
9929950,1
4415661,53
4455360,1
10735164,1
10121732,6
3571966,3
6011964,1
5812056,1
7065005,1
632981,1
9054212,1
7377919,1
22409,240
7529596,4
9847131,1
1792260,1
2244005,1
3285991,21
8786563,1
11179891,1
3991366,1
10544292,1
10501947,1
9343806,1
859133,14
1842651,6
10625238,1
4281741,1
2751930,1
5397823,3
10409292,3
6510803,4
8539792,1
2041811,4
2982204,4
2978687,1
10165941,1
9783556,3
5594833,1
8294640,1
3366225,4
6565498,41
10065816,1
8685033,1
5888503,6
4215483,2
8931598,1
3995425,7
3251033,26
1925613,3
2333790,12
4722921,1
8574667,1
9529107,1
10391526,1
8084922,1
9015800,7
3443346,1
9282679,2
1415848,1
6942732,1
11045493,1
861671,4
10089865,1
8446146,1
3117988,1
1558903,19
2630592,3
10535841,1
9382416,4
10398943,1
9330477,1
9456595,1
2845279,2
3555117,1
6945342,1
9094722,1
7901349,3
10234809,1
1957546,1
11125944,1
9894337,2
7290447,1
9487942,1
87499,1
9299680,1
1718703,5
118775,151
10795636,1
3497004,1
4960972,1
8409552,1
9183660,6
4178179,7
210204,4
3884842,11
2065167,5
9418461,1
9624796,1
9841911,1
10206710,1
3041090,1
3228769,14
10679941,2
10450827,1
9149857,1
5052951,1
3671640,4
5722579,1
9306140,1
1127082,1
1705833,2
1768500,13
4812318,2
9632625,2
9123828,1
10335627,1
476561,5
10250784,1
468795,2
10972134,1
556355,1
9854179,1
8409354,1
1823481,2
10957889,1
2022308,1
3410063,1
273737,4
2062241,2
10624347,1
9517164,1
9561840,2
932690,24
446861,2
1862811,1
8540394,1
4667833,8
2133639,147
10282860,1
11225277,1
3293479,1
9393496,1
1627898,1
11123711,1
3269296,8
5907349,1
1497839,58
2285046,2
2344545,1
5599577,2
3986650,1
10585404,1
1429997,1
8664540,2
4478086,1
11092798,1
1948573,1
8975419,3
9801690,2
6553365,2
9093075,2
11152773,1
10189954,1
66302,187
2885077,2
1044381,77
8869426,2
9566287,2
3928771,1
11178252,1
3133520,12
9297312,2
11062430,1
10589158,1
8900556,10
1672302,2
4521816,2
6737758,1
11083239,1
1646653,1
5275855,1
1618276,2
2610819,3
10349064,1
6623042,2
3809061,1
1553395,1
1774855,2
7372356,9
2159569,4
9972132,3
3986966,1
11111273,1
8878273,2
1539436,1
1425847,5
385184,24
3225582,2
2103821,2
4704183,4
9618342,1
10972549,1
9900519,1
621992,15
526817,7
615098,2
4151619,8
5337090,9
4076451,1
3456054,3
2401668,3
3156381,1
5509729,1
9690793,1
1969264,2
8212866,1
3530727,2
533332,5
10201760,1
10178712,1
10594611,1
4853818,1
10307484,1
8857609,1
10010456,1
1522452,6
6606627,5
11174300,1
2027583,1
257573,3
1186429,54
4572856,3
10614249,1
11035142,2
11248182,1
3398202,18
8887084,5
7885726,1
1661368,11
9591306,1
2521458,2
7889164,1
10015,4
4657276,2
7088361,4
9518569,4
2837557,14
5284864,8
1753218,1
1104339,2
1174189,2
4535569,1
7036430,1
9945402,7
6340064,1
9757401,1
9959254,1
11131749,1
3618216,2
8910456,1
422290,149
9417372,1
2171592,1
9613653,2
379893,1
10178091,3
287435,5
3521493,1
9235635,1
4151006,1
10688356,1
11111633,1
2781487,1
9814065,1
8688913,1
389405,7
6632411,5
10972035,1
10434726,1
10684198,1
9087432,1
10793304,1
24560,107
8274507,1
11285848,1
6705267,1
417593,4
710542,1
2317950,1
9227814,7
9449115,1
4935727,2
681400,15
5977702,1
7459729,2
8789830,4
1282143,10
524873,3
3054276,1
1545321,2
9127761,1
4214358,1
9962485,2
96156,3
10516275,1
5482765,1
6155316,1
1157854,15
532892,6
8410055,1
7215260,1
963740,2
10143963,1
9743181,1
10491967,3
11274345,1
6731015,2
10648701,1
4527289,1
9653154,1
153686,131
582356,22
47880,88
9871567,1
10144458,1
11007323,1
255142,196
9203595,4
8336814,1
4877713,1
1061238,8
9850029,1
2470176,7
270415,2
7703088,1
11084878,1
4258765,5
9607713,1
10185598,1
7376668,1
5562108,1
5456629,4
10409652,1
6582886,1
10713186,2
2085723,2
11126277,1
10534194,1
2288467,2
4169151,2
8793402,2
3147732,2
6527823,4
7479367,2
9680244,1
2997244,3
4675915,9
11133116,1
8777194,43
8705210,1
5739904,3
10357281,1
10087371,1
1365952,2
9201777,1
1670520,2
130627,5
10559395,1
10044251,1
179778,1
2691540,1
685866,1
9581343,3
10065401,1
9161385,14
9737917,1
9354534,1
173530,1
1850788,99
6459018,2
8634994,1
10541330,1
8877995,1
8452031,1
10214784,1
9564054,1
3483081,5
1666390,1
4850947,6
6520659,1
4210145,5
9291787,1
9215934,3
1784197,1
5734495,2
3389383,22
4796434,1
10264699,1
8986147,45
3525912,3
6932274,1
1581222,57
11272365,1
3016304,1
8562372,1
872066,11
6738171,11
2850075,1
1416937,5
4175910,2
9758699,1
11223404,1
10848439,1
10268758,1
3596059,20
9966409,1
7072188,1
7059354,1
1570431,2
10933362,1
923087,12
9962430,3
5174820,2
2675719,6
1192215,1
10222253,1
229790,5
1587415,9
11199105,1
10358532,1
9934512,1
10925208,1
10051956,1
1158709,1
4011001,2
5615046,4
2601530,2
10725462,1
3591153,7
454998,1
2904165,2
6504198,1
7782018,2
10720476,1
10796563,6
9707893,1
193682,3
8761164,1
10876753,1
8630844,3
4011290,4
1853181,53
2041019,1
3567231,9
1590132,15
1873800,20
2691180,1
5982300,2
6542079,2
11157822,1
10239688,1
2443347,1
10972945,1
9457071,2
9451969,1
4792988,1
7443573,1
8793358,1
9720834,2
3290652,2
5766238,4
5818906,5
9663513,1
9651787,2
747920,41
7471400,1
1070184,2
1893394,2
10236465,1
9902535,1
7560096,5
10727343,1
2624201,2
962967,4
1182766,1
9544155,2
7949590,1
9575700,1
8293768,3
4554676,2
10287810,1
10652210,1
10515645,1
8255535,2
1292007,19
2961450,1
8278206,1
10616328,1
1759609,1
10203803,1
8270484,1
10695808,1
11189700,1
