1825522,1
8866058,1
1619426,1
9657310,1
620018,17
11000814,1
7297510,2
2825738,3
9157874,1
5883768,2
1037369,31
781047,101
9003739,4
1024183,1
10011345,1
10962845,1
11107627,1
8787551,2
11092606,2
582390,1
8558825,1
10014252,1
6781522,5
225701,1
8357404,1
6193187,4
10427074,1
8951396,2
7447685,1
11042188,1
7373083,5
11251474,1
10652975,1
4161355,1
7056706,2
23136,54
10551940,1
4115158,1
9400765,1
26601,7
9487030,1
535725,15
1226855,18
4955228,1
2307418,1
9200037,1
3504922,1
6935558,13
10961756,1
7403575,1
8642939,1
1430858,3
1567415,1
10316617,1
11024313,1
3353713,5
2784518,6
1620622,1
11105287,1
2302710,10
5551153,1
628461,97
7212315,9
8875012,2
787221,1
10428938,1
8845826,1
3098447,19
11245688,1
8863547,1
6690181,2
1846213,1
2525092,1
6919600,1
2695616,5
2699928,85
3499073,1
10828934,1
8467745,2
4353352,5
546714,2
6520044,1
10843748,1
3492016,2
4501492,5
1529174,1
526202,3
9312006,3
9214186,1
11016682,1
10227517,1
10568762,1
4983858,3
8756528,1
691290,2
8565403,1
9977531,1
9013837,3
3555052,1
4190326,67
10373803,1
6297467,1
8732092,1
8957930,1
4245992,6
6539792,50
3686282,1
5990372,2
9390271,6
5518024,2
4228711,2
3584672,4
8768147,5
1089803,2
9662873,1
9810328,2
7384630,1
9391838,1
5595524,4
1347275,5
10391876,1
3209957,1
4689710,1
4265297,2
9057271,1
7228903,1
8259449,2
7405357,1
3194378,1
8720987,1
1636300,2
7390831,2
10312080,1
9769271,1
3204817,24
1844189,6
9103567,1
10763107,1
5594930,1
11012136,1
5358752,2
9744683,1
9526072,1
4514524,1
1841876,2
189621,14
10393207,1
2672549,67
238725,2
1987703,22
10514356,1
119763,1
9497796,1
2122431,5
1712923,3
8225022,1
7366928,1
7623355,1
9103468,1
1898342,6
1848842,59
8263390,1
10005306,1
9509819,2
10619486,1
10750831,1
9458636,1
3061069,1
10482857,1
3049324,3
7101589,2
5833600,4
9688965,1
9121486,1
10777094,1
4865273,4
10307941,2
730403,2
6637450,1
225143,2
2881376,1
3274153,82
3083281,4
9881069,1
9069962,14
10466198,1
10238542,1
4945067,4
9552884,1
8041305,2
9868235,1
10624804,1
10866554,1
10452409,3
3073408,1
6070732,9
2256686,1
10192570,1
9735377,1
10793302,1
3213114,1
7257154,2
10456603,1
3351436,2
3483593,1
8904866,1
9389570,1
11211577,1
710306,17
5349743,2
10177324,2
10303035,1
10986281,1
8784581,13
8863286,9
9222411,1
4318900,2
6712096,3
567991,8
592650,1
10721329,2
654129,5
74220,1
1833802,22
35827,33
9259349,3
9729671,1
1809836,1
7550356,1
5783165,6
9512374,1
8268304,1
5458580,1
408898,3
870903,3
10193579,1
60522,63
9608008,1
6719125,2
6781874,2
6885167,3
7551409,1
9368582,1
11038921,1
9136273,1
10483072,1
10816405,1
8538665,1
10826459,1
1817657,1
2756474,1
9294692,1
5479271,71
6575396,2
10558150,1
10410711,1
1057763,178
828243,1
1754990,1
10917061,2
10767653,1
9901480,1
5366438,5
9415200,2
1611217,1
5792831,1
10104540,4
868591,34
10597571,1
10910455,1
11149243,1
792531,2
7787255,1
2519666,2
6755224,1
8216761,1
10345110,1
10449151,1
11119598,1
4895685,1
9651136,2
1056674,1
9461911,1
10428578,1
1025533,9
9121648,1
4718302,3
238167,1
1152514,6
9881465,1
7610430,3
9352156,1
9602879,1
3615244,2
10540654,1
9639581,1
9787253,1
757639,1
9932648,1
5800688,3
7190653,1
8310324,2
8367692,2
9509954,1
8924666,2
998957,22
954333,5
7178,22
4492961,1
9274009,2
5732026,1
10854278,1
6737305,2
9523877,2
3473558,14
3381235,25
10306591,3
10778381,1
9683311,3
4153589,1
3226237,1
1447878,1
11262922,1
4816961,12
8577121,1
7237813,1
2807855,1
8985191,3
10631077,2
10785077,1
680922,3
10960568,1
5844743,1
10828024,1
10754549,3
11138614,1
10551904,1
1962197,7
60739,24
9143725,8
9669498,2
4474349,3
10771063,2
3140827,15
3642037,2
10230036,2
9500700,1
8719835,1
11093371,2
8970368,4
3439321,2
4190362,10
10803120,1
7329028,1
10919816,1
10776978,1
7425616,1
2393927,3
10045591,1
10789488,1
2711635,1
6713743,1
189423,16
10191706,1
1784951,1
8808322,51
7221478,1
9085928,1
11126536,1
2659751,9
8861765,1
3393962,3
4325849,1
263277,3
10441140,1
899993,4
568585,154
10866950,1
1081630,5
10886516,1
9392350,1
4937048,5
4525153,1
10560616,1
9893859,3
3758101,1
6726415,1
10822507,1
4085738,1
2488382,2
1438292,3
5297,3
9510718,1
7565495,1
9922685,1
8884021,1
4965623,2
11091968,1
9293765,1
6583973,7
8417137,3
10033323,3
517699,76
1250128,1
10466558,1
8349061,1
10125781,1
5049773,12
9153724,11
8821390,2
1712563,1
11049091,1
2154779,1
2504112,2
2049578,5
10388285,2
8828474,1
9912532,1
10969712,1
11179259,1
365508,9
323928,1
2404438,5
11012532,1
734058,18
2503870,3
10693411,1
4820173,1
10142278,1
110366,12
9961097,1
5853752,2
9167774,1
1280576,3
2324482,3
9880376,1
6718234,1
769951,12
8821813,36
696853,1
438642,7
9462307,1
5829731,1
2499731,1
4225507,5
7037987,3
10125646,1
7519793,1
5659929,3
6581083,1
8243356,3
203921,1
9864932,1
9093172,1
8869875,1
10861252,1
1882411,2
10292362,1
6622311,6
3403186,2
1172053,1
7403773,1
2251483,2
22182,6
10134240,4
8778308,125
6620881,5
722637,1
3162841,1
10377395,1
7674296,1
11128813,1
9539302,1
2704840,1
11132179,1
401327,7
4161715,4
5545529,1
7733696,1
9517739,2
1958732,2
8711527,1
2990636,1
3966452,945
8799846,1
2659300,14
4167980,1
4255919,6
10840264,1
11038660,1
10897794,1
3382973,2
3469472,1
9725422,1
3556718,1
6720538,2
10169198,1
6569104,10
10660246,1
10195694,2
11099113,1
8900202,10
10114495,2
10898171,1
1777922,2
6780271,6
4986369,1
555921,3
9929714,1
8630680,1
1346906,1
4370894,2
9217714,2
7335111,1
4388057,3
4854031,4
9343499,3
103535,1
6593378,1
4958586,1
9237000,3
4777677,1
10155995,1
429589,4
1637499,1
8712201,1
1133740,1
10217950,2
9915458,1
1146115,2
3939722,1
10087946,2
1439147,1
2441879,1
10769985,1
4101081,1
9166234,1
2105601,4
6730834,1
6935404,1
2086568,4
4686407,3
6901131,1
8957174,1
1742010,2
3463900,1
9845429,1
1100476,4
8424012,1
9313285,1
4227262,1
2639302,3
4411168,5
4569263,1
3333652,1
2760758,1
8955752,2
9425713,1
10565693,1
11305528,1
8773196,1
3235246,9
11225220,1
6710971,2
3170266,1
4511590,1
9519700,1
9606776,1
2330782,1
5523749,1
9805414,1
9311214,1
6708785,5
9685247,1
1590806,79
696916,3
9622228,6
8958065,1
9805711,1
9964779,2
9229784,10
588349,1
1667540,76
9113728,2
10778183,1
6549502,1
8535307,2
2605543,1
9822442,2
9330637,1
11088539,1
10987686,1
7290085,1
2111280,1
9072508,1
1435745,1
7198826,2
6918115,3
879508,1
10841669,1
8725676,1
8302657,4
7495510,3
9084721,12
6571381,2
9647429,3
11245273,1
10442149,2
10947770,1
805734,2
6737855,1
975222,2
7406996,1
11280599,1
11094262,1
4592041,1
65725,6
214668,13
9356053,1
440649,1
3827357,1
5932259,3
2872961,1
8779073,1
2238965,3
9313249,1
4273739,1
6638008,3
9953122,1
1964834,28
4701931,2
9728384,1
1002150,42
10798640,1
6835513,1
9182632,2
2125005,1
9269249,1
11294198,1
8300820,1
6610288,1
10054564,1
2936618,4
4837157,5
5562395,1
9203098,1
4504228,7
434682,3
6532933,6
7544867,1
407097,3
10440268,1
1677107,1
9186881,4
8264957,3
1081685,1
9996008,1
2093759,1
9002785,3
6719639,6
5505811,5
6063343,1
4670512,2
3280093,2
7210173,3
4867569,4
3516956,1
6029576,1
5753069,1
9808835,1
427040,1
1068095,2
9138712,2
9135995,1
9158152,1
4392638,2
9759434,1
2344309,5
10939058,1
9328487,1
11120343,1
11136238,1
10388186,1
10269331,1
1940920,1
2128011,1
1830832,15
649152,74
8762314,1
10215475,1
10801258,2
625293,1
2690567,1
10922371,1
9754547,1
3557681,2
8483170,1
183708,2
9717197,1
1022013,4
9986207,1
10921859,1
1544249,1
448993,82
32695,35
3062851,8
9926131,1
2165650,1
5039774,1
8857085,1
10138516,1
593109,1
1316585,2
2208193,3
2695003,18
7372651,1
11273669,1
5266231,1
11018923,1
118935,1
8997332,2
11454,12
2076091,6
2661497,37
8872501,1
9249584,1
9109282,1
11199653,1
2091265,1
3404789,25
2488409,1
6739321,1
2135554,4
11006647,1
6716155,4
6726929,2
1519274,4
3707567,1
4401664,11
7260349,5
998498,1
1090595,1
7185497,1
10910095,1
10936745,1
9138767,1
9495978,1
494596,10
9678515,9
5565464,5
11185207,1
10012849,4
10701628,2
10731878,1
4481378,1
718867,1
7411242,1
10753342,1
8907638,9
2718241,26
4380596,4
8323546,1
10228381,1
5122997,1
286443,3
11294792,1
11011605,1
9825016,2
4140925,6
9119344,3
1370611,19
8954663,4
3491936,3
10484639,1
10134402,1
6234880,2
10719179,3
3350941,1
2125456,41
8732218,1
1475606,1
5556653,1
7047788,4
590120,2
10198411,1
4413283,2
8686931,2
2776832,7
3245759,8
8727890,1
1050959,3
1616041,4
4546042,1
10451914,1
5839730,1
1054298,2
34837,38
1872566,2
10533427,1
3396833,1
7957733,1
3367664,3
7494737,1
202571,1
1554545,8
10525543,1
4186240,1
7121749,4
615159,1
7404367,1
1234423,1
10472759,1
8756429,2
4529267,1
8365261,1
11022234,1
9526432,3
11228542,1
8954050,1
7253400,2
10545497,1
9198761,9
8279348,1
1788056,1
433593,33
9053888,1
4381883,10
10911742,1
10356910,1
1936754,1
1947680,3
9513922,1
9504418,1
11139640,1
278820,1
3527585,5
1051174,24
10302207,2
11139956,1
3926393,1
3586869,1
1094591,3
8859623,1
9909653,2
496738,1
4740992,22
5822729,1
6558863,3
3577841,66
10640545,1
10925891,2
1912147,1
7754648,1
3878559,1
9021900,1
634824,2
2736520,1
2260456,1
9946797,1
10581181,1
7420215,1
8298518,3
8784347,1
10537063,1
9727790,1
9914765,3
989849,1
10383695,1
3469238,1
1238735,2
4799457,1
10732912,1
1827395,2
7152060,2
10454777,1
2142880,3
9308137,1
5912891,1
5506757,1
4414237,2
7715722,1
2871737,67
5407009,1
7812698,1
4949478,1
10888587,1
11026609,1
7763459,2
10778840,1
4539428,1
9300027,1
6601477,367
2396078,2
10793555,1
8341979,1
10399436,1
6533068,4
2255498,2
4157233,2
4935329,1
4864706,1
9772051,3
4816015,3
3057307,1
4007248,2
4848704,5
1060903,1
1755133,1
10449115,1
9897305,1
9371579,1
690011,1
9045968,13
9009751,1
4153570,1
4177808,6
1869885,4
10140199,1
9140007,1
6802744,1
7494539,1
6693115,2
595062,1
3307750,1
4939839,1
9909004,1
5339744,1
4015410,1
86713,86
896275,33
1294986,4
1205452,28
10107051,2
10039516,1
4820786,5
11233302,1
5292133,1
8821002,1
9287311,1
4156306,1
6743506,2
10569095,1
6617911,2
3551416,2
9880772,1
9122575,1
9015592,4
555525,5
1178499,3
1194545,149
9980861,1
10559357,1
7473073,1
9571045,1
1646255,3
676855,3
4189823,79
5796549,8
6926071,1
11037238,2
4120611,1
11197178,1
8452084,1
11289897,1
5419024,1
5060022,12
9699693,2
4570973,1
1222859,140
9543163,1
6625985,11
9587372,1
9755889,1
7390534,1
1612243,1
10076407,1
8932036,7
4456529,10
10689993,1
10293965,1
1308863,35
1666000,3
2084849,1
2288726,1
8316715,2
4484249,1
9881726,1
631719,1
10950217,1
7066840,2
8948660,2
10071619,1
1208378,7
6692576,1
9321529,2
9837545,2
3364892,1
1382348,4
4063309,1
10931245,1
