2198393,71
9909220,1
1712446,10
11267585,1
4368338,3
3155632,1
5832908,2
4563926,1
7046068,1
1331326,4
7268639,3
6518830,2
1727981,1
5734970,3
9452128,1
9028499,3
995851,10
1313399,1
6562354,6
1240147,2
5739579,1
11036365,1
2775563,1
4820812,1
6808900,4
7480147,1
733185,218
5616610,2
10263337,2
10704256,3
2299788,4
9207120,1
9741244,1
11266504,1
8809033,15
8986938,14
10118121,1
1656948,3
2172166,13
9546467,1
2241169,2
10351744,1
263259,26
789986,1
171189,6
9500124,1
7046761,3
10747024,2
3513193,4
10114738,4
7109365,5
4567364,1
5949206,1
1199667,13
9765716,2
9471884,1
1347491,9
3178006,1
3093677,4
6616598,2
8809998,1
5247197,1
9628222,1
5435594,1
9458195,1
925597,2
7289960,17
285075,1
5888574,3
657829,3
7059587,1
993970,3
8782745,6
8610169,1
10640211,1
10720203,1
9623074,1
7402567,1
3538240,1
4935031,1
10824703,1
10898216,1
8564981,1
7600765,1
2758238,1
6588699,2
10608839,1
7068181,1
8994894,2
10070548,1
10646792,1
10431123,1
10116457,1
10877660,1
2122215,6
11142655,1
2412736,1
4824566,8
11018149,1
9700203,1
8564846,1
10409489,1
2074354,28
9466989,1
2127391,10
5471558,3
9527954,2
7635217,1
9017617,1
3619574,4
10781440,1
2473126,22
498574,1
380772,31
893485,1
10534787,1
2028157,1
10493116,1
9509422,1
8996261,1
640089,7
1779821,27
9929138,1
9982977,1
10111119,1
5719229,20
5387859,4
9120360,7
9667184,1
10878551,1
8300541,1
9296041,1
1895101,1
2207798,1
121021,9
1092502,2
741726,11
5589396,2
3239224,1
3144805,1
9926429,1
10170835,1
3280336,3
10150026,1
4400854,35
1368281,8
10066066,2
7887777,1
1347851,1
9552217,1
7069649,1
7729402,2
10981222,1
5965280,3
9421771,1
9805333,1
2475197,2
1572446,2
1012348,1
382202,709
9111414,1
5166377,1
9729617,1
2958056,1
4424218,3
4639175,1
10453615,1
1100953,1
3128498,1
3329468,1
11067091,1
887905,14
7472362,1
781975,1
1316314,2
3488778,1
6699524,1
11141566,1
6805589,3
7380814,1
9146056,1
9267845,1
2030046,2
10844396,2
1097741,1
8043006,1
8375044,1
2154904,1
10241719,1
5227180,1
623,6
10464208,1
3167468,1
9103846,2
5475004,2
9022314,4
9522058,1
9931027,1
6696202,7
10297646,1
11174948,1
236826,1
9762430,1
3487689,1
8613175,1
1171108,82
9285629,1
3583763,23
8655412,2
4684283,3
792414,1
1067681,1
4171435,5
3532011,1
11006368,2
1913911,1
10012650,1
5950105,32
10851631,1
10217338,1
579493,1
9017040,2
1593038,2
4294808,1
2774636,2
4054967,1
194454,1
1672887,1
3462235,2
9141529,1
9277484,1
9729950,1
7363778,1
4243903,1
9424958,1
5469551,1
5772914,3
11193280,1
10647070,1
1579863,3
10819187,1
7456478,1
1287821,10
2957921,2
4578452,1
11250051,1
18817,2
9559238,1
10697084,1
11079782,1
9612544,2
9775616,1
6801475,1
7328218,1
10284938,1
3488679,1
4702994,2
7106007,1
6766448,1
724022,3
8964941,3
5823737,1
9008996,1
4664447,1
10920139,1
2780738,1
3356198,7
8840902,1
10213639,3
9144337,2
9656618,1
4141537,1
527210,3
2585546,1
9244129,1
3100236,8
2703373,1
9810805,1
565803,145
222768,4
6807514,1
9289067,1
4245226,1
10572866,2
504990,16
10243870,3
2377286,37
10680479,1
10821535,1
7585538,4
1547237,1
1055350,26
9147398,1
9593258,2
7980386,2
4813324,1
9641056,1
10193542,1
10454894,5
10072924,1
8347973,2
10923343,1
4508701,1
8693681,10
64690,10
2674033,1
10348667,1
8912911,4
8303863,1
1566542,2
1649955,34
2451030,1
7190536,1
124695,5
3346405,3
8702022,1
349975,12
5713748,1
10474405,1
2102767,2
2345317,6
1036540,1
725526,1
8310595,1
9637709,1
9176215,1
10378763,1
3556178,1
1585514,3
5305192,3
4387698,2
4556889,14
10564432,1
10663432,2
2116825,23
9369059,1
9100263,3
10558808,2
3534802,2
10154239,1
8247389,1
4935996,1
8459186,1
4498163,15
5815718,4
8666258,1
4979457,1
10761280,2
28096,3
2467321,1
10762847,1
92789,1
396964,191
5929695,3
4679982,7
8856437,1
9620464,1
1900898,1
10256759,1
9481234,1
9290362,1
9856788,1
2428568,16
2204278,2
10867364,1
1097958,10
5829551,6
3590143,1
4174757,7
2867075,2
6630367,22
7428695,1
720936,75
4328378,4
10089999,1
99304,3
2184541,1
9815981,1
990766,7
3283298,5
5059853,1
3992831,1
10740850,1
7179935,1
1192033,2
11283136,1
5379425,1
10053655,1
8336632,6
9267133,1
1374031,2
10940849,1
2524444,2
9276755,14
10443751,1
6692800,20
10467016,1
9092579,1
7087829,1
8600728,1
847134,16
3345910,5
3475097,1
557622,4
1225388,1
7329893,1
10407418,1
4648409,17
282410,6
5783147,2
5773148,1
3517252,1
1113067,17
6906316,2
10344292,2
3500331,7
6906668,2
6790252,1
9923206,1
4854978,1
6566963,1
10488815,1
1985309,1
5505370,1
10611600,1
11316436,1
9619727,1
10393720,1
2613841,6
10336831,1
10572118,1
6699164,1
6807154,3
11193992,1
9308290,1
9865445,1
9263849,2
6527795,1
10748410,1
4985243,1
6763973,1
6629864,1
10800907,1
3190796,1
8584033,1
1545392,1
653490,100
894673,3
8977866,1
2411386,1
9684734,1
11157901,1
7072429,2
8840858,1
1507574,31
9507802,1
2285477,2
10060233,2
1820914,1
11133286,1
8845844,1
11062311,1
3002424,54
117963,103
9022413,3
8815171,4
10594231,1
9529835,1
9798125,1
5267951,1
1228718,1
9810896,1
573327,1
10996460,1
377280,4
11085037,1
9838157,1
3118840,2
2055607,1
2114287,2
8764051,22
10490399,1
8837924,4
6901311,2
128402,6
8792807,8
4045444,1
10479644,1
11053690,1
8745755,1
8369357,1
5518141,1
4382693,1
11154670,1
9529538,1
11297780,1
4949405,5
544950,2
1952620,1
1824514,4
415359,12
11214367,1
1357616,12
569304,1
10701880,1
9499181,1
1218890,1
3666329,2
5732594,3
5981507,1
7952729,1
11275829,1
11272480,1
1799360,1
1213912,28
7617235,1
2377033,21
1322218,2
10050748,1
3756158,1
11036464,1
740835,4
9072823,8
2259971,2
9059549,1
10053240,1
9088042,1
7115115,1
8731741,1
11259016,1
2718539,2
445455,470
89495,6
1023733,1
1978154,1
572436,1
4821596,2
3455440,15
1847221,31
10648321,1
9219613,1
10102506,1
4796252,1
6590533,12
1659459,4
5738930,1
5721550,2
2126923,69
9528746,1
10923109,1
8775095,1
9651910,3
10517605,1
9934286,1
11283983,1
11016114,1
11256901,1
8716333,1
10965536,1
7330080,1
143054,3
6571363,6
9638834,3
4991705,6
6809846,1
7499507,1
8547692,3
731213,6
7889801,1
270233,140
9682204,1
1333801,1
3637358,1
8852026,1
733996,17
959301,34
8787038,3
10280013,1
8910472,1
175608,4
2714560,2
9028147,2
4198355,23
1851541,10
5699899,3
9562766,1
6615913,11
456048,6
4847273,1
5415857,1
224531,26
10830481,2
10519478,1
541386,1
11130973,1
11049172,1
10437613,1
11259629,1
10556567,1
11278222,1
6022221,1
10873925,2
2100435,1
1656236,1
9240862,2
10738565,1
6645055,2
2242500,4
10804499,1
4223941,1
9713425,1
2032972,2
4551848,1
6798579,2
1361378,2
5648994,1
5415082,1
9848002,1
6800809,1
10544632,1
8749751,1
752094,24
10276892,1
7425733,2
1710961,1
9303628,5
4795424,1
7193380,1
564769,3
8580749,1
4909049,10
10434283,1
10820031,1
8084795,1
10917043,1
7622699,1
1626734,3
10954484,1
9028084,10
7438243,1
11298536,1
1382979,1
1018739,34
10860299,1
6627136,7
679898,1
8784266,144
1313993,13
1948913,1
9695363,1
717994,1
10360203,1
9326885,3
2041071,1
10049371,1
9041061,4
9884714,1
9608972,1
4995341,1
2657096,1
6796580,1
7280167,1
5910604,1
9256856,1
3245263,1
8958498,1
9931360,1
3523516,1
3948290,1
317547,1
241479,3
11055175,1
6600667,1
4612417,2
7410784,1
7227571,3
9204466,1
960868,6
9607289,1
4058369,1
423620,1
4916339,3
342242,1
10974347,1
4716304,12
6759914,6
1513621,55
905742,3
8468492,2
8961539,4
5813873,5
9415831,1
4168501,1
7398112,2
6817252,2
11303926,1
1674966,23
3102865,22
9765914,1
1608653,7
11053195,1
6522303,65
11055139,1
10460806,1
9724018,1
9564980,1
2457638,2
7429487,1
9219569,1
8261392,1
1042048,35
7494700,1
1627012,4
4473179,2
1525592,3
353899,1
9925673,1
6710656,1
10887560,1
1804967,14
9384467,1
10902319,1
1525457,1
1126388,1
4860863,1
4009895,9
2599082,1
2559248,1
9929787,1
554418,1
8981771,1
3029506,1
4067224,1
9209416,2
9903956,1
1636634,1
3062338,1
9772682,2
6558089,4
6562192,5
1082396,5
2856608,1
699283,7
6772649,3
375264,14
6820681,7
927162,7
11161979,1
11053005,1
2481280,2
1948355,5
9391108,1
9504238,3
4319314,5
8681963,1
9808204,2
9062662,15
2394935,3
9569336,1
3154859,4
9911010,2
3533092,1
4778982,3
1250209,1
630981,15
9775652,1
11128075,1
3662828,11
10296656,1
9685625,1
3205267,1
4513714,2
10963655,1
8726747,1
2908141,1
752102,1
4961780,8
8952610,3
499429,1
220238,23
2788271,1
9464341,1
1965509,1
93878,1
11100660,1
5771069,1
7055121,1
6960271,1
10541725,1
11337,9
9374710,1
8320341,5
11116753,1
4980194,1
5730523,18
2710465,4
1354448,2
392157,2
1338482,3
1095266,24
11290363,1
217007,73
4802074,1
8852873,80
826506,1
6657034,1
3033466,1
10261852,1
1018027,3
1531793,6
2905784,6
6538270,13
4891968,4
10413691,1
8838059,1
566433,11
1834469,9
3201568,4
4787892,3
657018,1
10639312,1
10481470,1
11296916,1
10795058,1
5763545,1
6638125,1
10522456,1
5858162,1
10977353,1
2524697,1
9786894,1
10217220,1
229275,9
1875716,1
530108,1
2102316,4
1824613,1
1865915,4
2103856,3
8949948,2
11023800,1
8422014,1
1757384,9
291771,1
6907757,1
10193047,1
4476897,1
4234633,1
1684217,27
396252,2
3429601,20
11118689,1
3639473,2
2472686,11
8335147,1
8724118,2
274699,3
47824,451
4797800,4
10321846,1
10567600,1
2763845,1
6812266,3
6728828,4
1810393,5
9521428,1
11205493,1
3285278,2
8582512,1
9835286,1
9757986,1
9320241,1
5391962,1
4178195,1
4975857,1
4838660,1
9963752,1
7450942,1
2346406,4
1695459,14
2608748,1
4632091,1
3229126,2
194157,13
4311790,2
6525364,14
4945481,1
7619512,1
2346703,1
8928842,1
11079944,1
11285828,1
2355019,34
9437116,2
2815559,1
9282794,1
3379625,1
9855699,1
10825883,1
10570589,1
9785714,1
8983256,57
4787540,1
732816,16
2070259,2
6929933,1
7880495,1
5379263,2
10592567,1
1834018,6
10476737,1
8982329,1
3396059,11
10324618,1
10710141,1
9586878,2
10969730,1
5945840,1
3162878,1
1126036,8
1297820,1
10869506,1
2520880,2
6575873,4
7516615,1
5046488,1
1060363,14
10017600,1
287118,14
11079999,1
8563658,1
4536322,1
2197628,1
10369295,1
3152112,2
10321387,1
4473773,5
6584189,3
8903957,1
11305186,1
7952116,1
939754,1
8547502,2
2426272,1
10006369,1
10443094,1
6517859,2
1470179,1
3122313,9
3019840,1
2164499,1
10541167,1
10725857,1
2591035,1
9587101,1
10488059,1
7061638,1
8956166,7
10876337,1
10785851,1
8841749,10
3526063,1
625239,5
9955832,3
10316635,1
9384962,1
3528854,1
11118373,1
1457840,2
2871007,7
2291227,5
11248739,1
9324201,1
9332374,1
489051,1
7142593,1
9845997,3
8243833,1
7405870,4
10873213,1
7474504,3
6119530,1
7102308,1
10714057,1
9760810,1
9776958,3
3140232,2
5469119,30
4098211,1
4402771,10
4012323,2
8246281,1
2791015,1
7593953,1
9234012,2
4792715,1
8345957,2
2188501,2
4503850,1
3388634,59
