1495452,1
8561417,1
9609206,1
1005608,1
4166117,1
441171,3
8560210,2
10873917,1
456337,7
9259403,1
11268765,1
3295412,2
9467501,1
3358313,1
4933395,1
4531463,2
10145005,1
2370554,1
1978047,2
10806290,1
7072493,1
3304600,1
10909368,1
1238808,1
10543887,1
10780280,1
3505166,2
11278827,1
11069621,1
1860641,7
7417580,1
2813002,55
4413293,6
6886068,2
1162875,18
10990674,1
2013299,1
9873041,1
1319051,8
1036587,1
9661794,1
906328,4
4938796,1
78506,1
1814859,1
11085461,1
10633012,1
10730744,1
5604029,3
3286917,4
11247227,1
8437497,1
1683615,3
10160017,1
4130062,27
9773862,2
8373669,1
8004875,2
91060,8
1818143,9
4787370,1
4011226,2
1049592,13
10681802,1
660475,5
11123161,1
10387052,1
7373057,1
3527892,1
2563398,2
1857825,1
8555513,1
9371787,1
9669057,4
3004135,1
1559299,2
10382822,1
9043231,2
9587742,3
3152401,1
5429998,1
10071368,1
10881279,1
9163535,1
5461370,4
10969425,1
146728,2
3184848,1
10537334,1
7532807,1
8736,69
933913,97
2501512,1
2562218,2
5509278,1
9806829,1
7892411,1
701794,2
3246957,1
7223017,1
9341672,1
1776249,6
1512920,241
1546437,1
9901102,1
10158065,3
3585537,2
3519279,1
8149767,1
10689516,1
3722020,3
4276205,1
8810834,171
8643227,2
4987567,2
10611449,1
2997568,1
10602223,1
4979845,16
10999873,1
9847400,1
7213928,1
12454,1
7066454,3
10252277,2
83195,7
9983797,1
10295342,1
9445424,1
251569,123
9652488,1
3154832,4
9050224,1
3452363,1
9076217,1
7355435,1
7383056,2
10268315,2
6711061,2
5307524,1
11000464,1
4049036,1
3424599,1
8412241,1
1584318,1
10149867,1
7613924,1
102492,1
9358854,2
2360816,15
10704806,1
9364956,1
10366622,1
4150420,1
2824406,1
1313589,61
1130708,3
2974897,13
9532030,3
1638048,2
662419,5
11048732,1
669773,26
746506,11
3061871,1
112293,3
7520314,4
5713479,3
10629503,1
1872675,4
9966417,5
9519116,1
3334003,2
7108114,2
4998105,1
10046492,1
7116331,3
10873304,1
10448946,1
6785349,1
1613702,1
5470442,4
9083408,2
9255795,1
4861034,3
8896227,7
6765684,2
10731789,1
7625084,8
359515,7
1751705,3
1012574,1
3398977,1
194545,1
11001454,1
5784129,14
10576755,7
11214593,1
10195000,2
9583034,1
10552481,1
6803807,3
9337514,1
10016297,3
11034223,3
7266533,6
9016196,1
34333,3
3672242,10
6288053,2
10128662,1
10338443,1
2907198,2
4449582,2
11114512,1
9004577,8
8301523,1
10359071,1
1206001,3
6733256,2
2149028,1
8823498,2
10359585,1
5534649,3
9489688,1
5390711,1
2495844,9
4409586,12
10490985,1
9446018,2
9858994,1
8593485,1
6585512,4
1210079,5
3317660,5
5302970,1
320490,1
7201075,1
7561201,2
2487627,1
10038275,1
6885474,3
10247877,1
10150928,2
1314263,100
3637287,130
635563,5
1932812,2
9391587,3
8411765,1
9089123,1
6689292,1
3297249,5
8341835,1
6152552,4
10291049,1
2391740,1
9342013,2
2389356,1
5523641,3
10867040,1
2971935,5
999281,1
2027500,1
11027609,1
11226770,1
3380354,1
11192507,1
8696184,1
160434,161
9127571,1
9404933,4
7235708,1
3170438,1
9908736,2
1786743,3
9063482,1
4518387,5
7526796,2
5522967,1
4080707,1
1907900,1
10768004,1
7927647,1
6723059,5
10808135,1
11308698,1
1774368,1
9396320,1
1085916,1
9709449,1
7280401,2
2636900,6
4074245,8
10799046,1
4172516,1
11049029,1
9508127,1
5895892,1
11039525,1
1042887,46
11003272,1
7410875,1
10252934,1
2629250,1
4279761,3
3443002,1
738064,5
9056390,3
3024070,9
7581092,1
2710097,2
1057278,21
8589462,1
3677346,2
9771071,1
10116881,1
3913758,2
9443741,1
262396,30
9367665,4
1588468,3
9520961,1
7402496,2
4939137,2
1750193,1
7887651,1
5734412,1
11303341,1
2271392,1
7070323,3
10600603,2
1701133,3
2168946,1
9005468,6
3457511,1
10832516,1
1585542,4
37790,27
6916497,9
9626135,6
1668496,2
8793726,6
10946592,1
2487212,3
8022145,1
6629856,1
3455685,46
8204657,1
938701,1
5691663,1
8951829,16
2046563,2
3334292,30
4467627,1
1194753,5
1004690,1
10493306,1
8929068,1
9808089,1
10169667,1
5890257,162
3509360,2
8548025,1
5407118,1
5968819,2
6806192,3
10705887,1
534187,7
6087825,1
5454693,1
10697670,1
7135501,2
10213568,1
2414483,1
2890304,8
565174,44
9409163,2
1677450,2
11091860,1
9594474,1
4172390,5
2272599,2
9590577,1
3273948,6
372781,1
3367223,2
10637621,2
7818431,1
3391703,8
7373769,1
2405870,6
1413065,2
11141242,1
9951215,3
59831,3
10773251,1
9451067,1
1300510,11
9646485,1
9063608,1
5877874,1
10761489,2
10929069,1
5591835,2
736958,5
1229835,15
394363,66
7573433,1
9326525,1
9069161,1
1866735,1
2115511,1
1347799,1
10572443,1
11062358,1
10248353,1
3553046,1
9545315,1
10105199,2
8265641,2
3146868,2
1297155,5
9739743,1
10124053,1
1864043,6
656669,4
10327256,1
4988395,1
9173336,8
9940325,1
10568439,1
1151273,2
11030065,1
7260700,1
1444566,1
2182715,1
5701995,1
8326427,1
5888052,1
9619494,1
8815721,5
2466422,2
276418,1
154585,2
10512232,1
6492254,1
10337057,2
10341322,1
3913497,1
2303512,1
5923755,1
9372939,6
6826154,4
422875,12
2608163,29
7941254,7
10660102,14
10632635,15
10555000,1
11200994,1
8309688,1
596639,2
1235379,1
9945069,6
9968983,1
10221587,2
8773962,91
4512004,1
10018222,1
9600296,1
4481333,2
468000,1
11034520,1
6782874,27
2870298,1
9197899,3
381790,1
9328181,1
5159277,2
4864004,1
2517506,1
6762678,1
102203,107
27359,9
9585762,1
3573206,4
5354829,2
7287477,1
10911716,1
1913381,1
6592181,1
5748778,1
5345919,2
3680775,1
9646331,1
10755486,1
1199181,1
2209094,1
5711,45
7723517,1
4837725,10
647759,1
9521753,2
5861033,1
11239406,1
1935224,3
2506751,3
3049172,1
2902652,1
7066319,1
10418138,1
1643240,9
1154009,2
748126,1
1854206,24
1858392,1
8643128,1
7431368,3
1709955,1
9772539,1
413668,10
713773,6
9836925,1
1722536,8
3164886,4
5021026,1
5946426,1
10531105,2
6533177,13
1721032,1
6777366,1
2649465,1
9667635,1
9666546,1
1157510,1
7477359,1
6900313,5
10843758,1
5001163,20
4444604,1
1772630,1
294472,2
6382661,1
3417551,1
2938509,20
6708443,1
863939,60
11154923,1
2760353,1
78858,208
2328911,4
9194379,1
1815588,21
1937196,6
657992,1
2638223,2
4372884,1
4469742,1
10753965,1
4982922,4
5484591,1
10995976,1
1556373,2
6526382,31
6511180,1
2986010,2
879969,1
10040326,2
1801277,12
10062700,4
10972494,1
8259341,1
11192048,1
9986767,2
10566657,1
2837565,1
1011287,32
1390421,1
568306,2
2430647,21
7387511,1
9239342,1
10456767,1
11068532,1
2345903,1
2908232,1
1928330,4
124731,3
119539,3
10912797,2
9011290,4
8783510,2
3998296,1
9021866,1
9979125,1
10051568,1
2304601,15
9949821,1
9020362,3
1044092,6
7932993,1
2615354,1
86660,440
11236337,1
7477917,4
10148165,1
7941911,3
4557104,1
7551815,3
4361,80
7176542,8
10846764,1
7217366,1
5873463,1
3084209,1
10643877,1
9171815,1
9451427,1
10675205,1
4358763,3
10428470,1
6542483,1
902115,128
4474205,3
5740316,1
3933297,2
986023,1
1353071,2
6749646,3
5029073,2
2816874,1
9954771,1
8786733,1
4755717,1
2704454,1
3365045,15
28943,67
12814,16
5390568,1
1240139,1
3588796,1
4565871,2
11094371,1
7104154,1
5673582,1
1706570,11
7480986,1
2700656,1
5349591,1
5223789,1
6812492,3
3217571,2
2786742,1
1085105,1
9118760,4
2281300,1
64998,9
3039687,2
4508072,1
4866930,2
10748097,1
9004225,2
2464857,2
2605391,3
574859,1
791669,8
9039425,4
3884102,2
9639915,1
3191561,4
10663974,1
10747052,1
10992519,1
9100769,2
24730,15
10312766,1
6713591,3
8940579,1
102104,1
3333266,55
1976625,11
724825,1
280936,2
1193925,4
4206905,1
10314331,1
10195965,1
8001454,5
8994174,1
2119977,7
3272895,1
8198673,1
2023306,1
10102787,1
9918177,1
11178323,1
1382718,10
1848203,1
10886760,1
10868382,3
11222161,1
10331323,1
2606480,1
1172973,1
2316888,2
10444175,1
8975977,2
5008797,1
2608424,1
1218431,1
1306857,2
8901554,1
10842867,1
8414636,1
3781241,1
3676455,2
11164012,1
711702,3
9169269,1
11009465,1
7110292,2
1527528,6
10718991,5
7757466,2
3236246,1
6825227,5
9741731,1
7063033,1
297181,4220
1704419,5
9303241,1
4214311,4
9908024,1
8801113,14
7497852,1
10583234,1
5891580,7
11202262,1
11145194,1
4814694,1
5297247,1
7275443,1
8791944,1
9383018,2
545770,4
1803392,1
3414644,4
1493931,2
5986161,1
56212,225
1156061,4
2561264,5
7076002,2
5873823,2
1626825,1
11264868,1
6939069,1
984854,1
10314809,1
9082355,11
5674635,3
8605904,1
11252537,1
1047972,4
9769605,2
1011999,7
6884231,7
10007332,1
3662144,2
7466928,1
2905677,3
3030884,2
8734857,1
10957905,1
8332411,1
10903535,1
11200796,1
1108802,1
4821074,3
9225347,3
1038053,2
10685817,3
9474288,2
3563595,2
5332436,11
10739231,1
11188737,1
4226282,7
2293785,1
1962017,7
28646,19
2121055,1
9448999,2
8538062,3
2929888,1
9700781,11
1515332,33
11077794,1
4994604,3
10725533,1
9545054,1
6755630,10
659161,1
10170629,1
9284315,1
5900831,2
8392325,1
9693221,1
3502097,9
8988289,1
1663301,2
8577906,1
4487364,2
1403165,1
9352166,2
9275180,3
2632085,2
8266433,1
9245642,1
8910112,1
857422,3
10353851,1
5674671,2
8833181,1
1710359,2
1631973,1
10826612,1
2430287,7
1429851,2
11254968,1
10573785,1
907057,28
2777788,2
10307302,1
5441831,1
8890386,1
9245507,1
10407897,1
10992753,1
7516049,2
11047544,1
1180956,10
9664926,1
5332986,2
1585506,4
32056,53
3307111,5
10390959,1
10988136,1
2744054,1
9572496,1
10996218,1
4158909,1
1657119,8
6851723,1
2467115,2
8320333,1
904249,4
5980842,2
10237364,1
1441992,62
9299553,1
8920229,4
1060968,16
3258161,1
4172417,12
9190210,1
10259306,1
10542248,1
10427606,1
1138593,19
620262,49
3706848,1
2772486,96
10090123,1
386399,6
10350809,1
9435227,1
4451688,1
9422717,1
11273778,1
2057219,1
960959,5
2836377,2
9936203,3
5711345,1
5542154,2
10954773,1
6685359,14
11165912,1
8681342,1
10634813,2
957269,3
1846160,1
9698226,3
1685433,18
9273560,7
1941164,4
5676615,2
10043981,1
1154603,1
10352726,2
2066011,1
9145869,1
10604591,1
11030975,1
2709558,1
625564,10
5555673,1
3167559,1
2122900,2
763237,1
11212261,2
1508691,1
9898701,1
7820023,1
8766122,5
185833,5
2977191,1
8991050,3
8823759,1
4721543,2
390961,35
751690,1
10758041,1
9753710,1
5885758,8
7344608,1
152569,21
10033685,4
4191425,26
9799404,1
1804508,2
7961964,1
5317820,1
10156283,1
10517039,1
9958885,1
215514,7
694036,1
7085264,2
236106,1
6322351,1
8350231,1
11290553,1
9617324,3
3083354,12
282105,27
2121514,1
9368204,1
664534,8
6550169,6
10100419,1
10623879,1
1490150,13
4727079,24
4956778,1
10959624,1
6916109,11
10229282,1
9279690,2
1857861,7
3288221,3
9060476,3
188399,58
9335787,1
10314944,1
159436,1
3030073,8
3000634,14
2602682,2
9216734,2
6897390,1
10865439,1
10316113,1
6796220,2
8873204,2
8957841,1
9173138,1
10639791,1
1331967,4
4985073,1
10337516,3
10447307,1
7288151,1
1803040,1
2038959,1
9308246,4
8546144,1
8943882,6
7423448,2
7382723,2
932365,19
10974023,1
1428979,11
9262175,1
10997406,1
10836666,1
2511269,19
