9616265,1
10677512,1
9145286,1
9459828,1
9180304,2
3112336,15
10605575,4
10571681,1
4451960,26
7475390,2
10727048,1
4391174,7
8409004,20
2817506,1
3162845,1
7059392,1
3551618,2
10290449,5
11061901,1
8465453,1
1336172,2
8240885,3
11045800,1
7054928,1
8745065,1
3961965,2
5728601,1
5791845,3
9140047,1
10326719,1
1926344,1
8444960,1
9327743,1
5605607,1
10453277,1
1606505,11
2091926,1
10845155,1
4443482,1
604966,1
4387511,1
8882405,4
10476605,1
5947284,1
2264401,2
2595927,2
2420560,1
1895024,54
3893196,6
4198674,10
1283036,1
5768201,1
10156574,1
10219079,1
10423261,1
8993871,1
611580,2
2145043,2
11133154,1
232888,1
9625337,1
1705178,51
282289,9
8043064,1
7115137,1
3114217,2
11293913,1
3387053,3
9557027,1
2946341,1
10204138,1
853195,4
8589294,1
4640104,100
36406,35
2450161,1
3996651,1
7394732,1
10356617,1
9343583,1
7722494,1
1309280,6
6776450,4
9934613,1
10366319,1
10644644,1
2686647,8
1108670,1
211188,1
10690085,1
18578,1
9003229,1
5409975,1
10687511,1
8978166,60
10474166,1
5796589,1
363667,1
1602482,4
2840339,1
10339526,1
3619596,2
913035,3
2390285,1
7439714,1
183982,2
533884,1
1982441,6
5588238,3
5551102,1
3296333,2
483600,125
1069881,8
6554690,2
9502478,1
8311291,3
9195308,1
10541684,1
10902278,1
7579953,1
8854262,3
2812394,3
3283526,2
7115632,1
8862696,1
9561699,1
6576489,14
9634346,1
5362229,1
2992403,1
10725662,1
7123912,4
10508591,1
8313884,1
9281221,1
2142172,1
885749,2
10158040,1
8289783,1
5621582,3
10999515,1
10938017,2
5713058,5
11029592,1
3062954,1
3378099,4
8952137,4
2092718,4
10135072,1
18875,15
11081404,1
4932605,2
8630945,1
559525,6
2045152,2
10993179,1
426414,3
7061506,3
11044153,1
10882802,1
10733131,1
10937261,1
3256175,2
4542842,1
2450062,7
7509248,1
11280089,1
2253511,6
628429,47
5749743,1
3551041,2
5060323,1
9212353,1
2525555,15
3315179,1
8632925,1
687172,1
10388388,1
3020365,2
2610145,1
6747146,1
3302515,1
203565,406
4851461,7
681718,6
10060552,1
10212094,4
9290780,6
3105857,1
10919207,1
4822454,3
1661054,2
2201437,1
8872901,42
738094,3
11259335,1
10675730,1
9663713,1
9342656,1
8338436,1
3255806,1
2526347,2
8793305,4
3231749,1
9958013,2
4501306,27
4673621,8
585625,70
6727959,1
381982,1
1780030,14
894406,4
236271,34
6719877,3
9806048,1
10116820,1
4583982,1
10316800,1
10533214,1
9895112,4
20313,2
1514985,5
8021905,1
1167602,25
10585659,2
1806095,1
8791938,1
10668855,1
10117414,1
3323297,13
7822187,1
5252276,4
10643492,1
6833735,1
1565420,139
8712953,1
9196235,3
10529480,1
1426361,1
262371,23
3929213,6
1188799,10
1860833,22
10948368,1
1326371,14
9319265,1
4702862,9
9822482,1
10245971,1
592258,4
2615807,1
9938015,1
9035990,4
9763442,1
2470178,2
10306108,1
7382717,3
3456966,1
1423094,4
4285703,1
10951346,1
178636,5
2442241,2
2634004,1
6565148,2
10581806,1
3386973,8
9132776,2
1734383,1
10357085,1
829138,54
5953287,1
6782417,3
610590,2
1499082,1
10151588,1
6083642,1
8555499,1
10357346,1
10868079,1
907898,6
10271260,1
1227137,4
8629389,1
9166274,3
829985,3
1028903,18
7373483,2
3906902,1
8692721,1
3239642,1
4115503,4
9060019,1
5990673,41
9617651,1
7432072,2
8923166,1
2107126,6
4232260,1
8342396,3
10879211,1
10077770,1
9346517,2
10673813,2
10014490,2
10674597,2
6712108,6
11132362,1
9757458,1
4931417,2
11060092,1
8951697,1
9411442,1
3171700,8
3366777,1
1842455,1
4567449,18
9126674,4
990571,13
10668756,1
9351269,3
5688877,1
6904592,1
9505844,2
4808171,1
10777656,1
5652632,1
4986615,1
7585659,1
9694403,1
312979,1
867118,3
628311,2
3235286,36
10544492,1
6514559,1
1753751,2
265657,146
4222126,26
212376,3
3003472,1
10851851,1
3356778,4
1313113,54
4441213,1
7619886,2
9961145,1
2820179,2
4413944,102
237324,1
10751528,2
4991312,1
9094166,6
3457343,1
78932,5
5804985,9
3011059,1
429637,4
8907263,1
4226735,1
1153706,2
2772326,27
9700973,1
3124667,15
1429746,1
3084536,1
997754,5
9924100,7
3093743,1
3352466,20
7122427,1
11050354,1
102035,39
368950,7
6722602,4
839588,17
1733654,3
2090738,3
9341053,1
1901044,1
8300824,2
11221778,1
1859420,3
8950391,1
9192338,1
2186408,2
10806130,1
9882198,1
4234457,2
10975700,1
6943760,4
8875016,1
1221304,1
11096309,1
1061320,10
1765389,62
7677350,8
2337653,1
10931348,1
748354,70
1352589,92
11282861,1
4273779,1
1253138,2
2596340,4
5362779,9
2085013,1
1245416,1
5472911,9
824386,1
1810577,1
9555047,2
2106730,18
4975761,1
6623080,3
5831426,2
8774649,1
1832690,2
9644408,1
10245872,1
1423652,2
9462185,1
1347422,9
3092258,2
1507442,3
1767413,4
3951218,3
9656360,6
3085210,107
11109133,1
6753031,2
10277615,3
10366968,2
2263015,10
10714574,1
8903979,1
6619076,3
10463573,2
10555184,1
11254132,1
5656386,1
9070667,3
7387145,1
1232609,1
10165187,1
4106684,35
10067933,1
4579824,2
5932695,1
3383967,3
7879563,12
1939250,4
6634646,15
6772850,2
7128304,1
7471204,1
8986644,2
9887445,1
679711,26
9084563,2
9412784,1
6834167,1
6712757,2
5702168,1
3465065,26
9621935,2
10660709,1
5492568,10
7276977,3
8321452,3
2709830,6
2242676,2
3577034,11
2458370,1
3016144,1
4803707,3
8724987,1
3556244,2
8899560,1
5762577,1
10993836,1
4938933,1
1485645,51
10081793,1
8402687,2
1554486,2
11273096,1
2628353,1
9064727,1
9304937,3
10422433,1
400061,6
302015,2
644926,7
2596296,3
4850273,3
10404154,1
731686,2
1156668,10
10867999,1
1037750,2
9232469,2
5764098,15
1491648,2
1390550,1
1980876,3
11088263,1
2634158,2
10078625,1
10478324,2
6778232,1
1910611,70
5535317,1
11188154,1
2178461,46
8363348,1
1525460,2
9066149,1
2252936,2
6784983,1
6829514,1
2026540,1
1512095,1
3899730,794
8464364,6
10010403,1
1679064,1
497713,27
410475,2
10619930,4
8796960,2
4024739,2
6222490,3
9501136,1
2339237,4
8767953,146
179824,3
19766,49
4803031,3
8545995,1
1283487,1
6832547,1
10736291,1
5353850,4
11210437,1
8333846,1
10892081,1
9935298,1
8413937,1
11138654,1
11072549,1
227226,62
2181692,4
413797,2
4838547,1
8631061,1
9995869,2
10915049,1
5983347,1
1840439,1
10635572,1
4956258,1
9540007,1
2879238,4
10624844,1
628762,216
9963620,1
8886096,1
9350675,1
1482639,17
9927521,1
9659330,17
10366517,4
10672661,1
9956385,1
4510766,1
9226826,1
206788,1
8396829,2
10014968,1
7380520,1
2043983,7
10873488,1
2338599,2
5525318,1
142130,16
3390185,14
7153964,2
3997308,1
7508816,1
9697626,1
2980776,4
9675431,1
2329139,4
3237365,4
9390239,1
4654767,2
8949951,1
9426185,3
3391021,6
10709363,1
6737246,1
7948214,2
11120680,3
10768746,1
5733452,5
146640,290
4864232,1
8311750,2
4938320,1
6514144,2
4986354,1
1497165,104
10562672,1
2188938,2
7124993,1
7315829,2
488047,3
10304920,1
9523213,2
9486396,1
6607295,1
7394688,1
941250,2
4716029,2
9495053,1
4034161,1
8539604,1
450985,158
678361,5
8719820,2
9892601,2
10061605,1
5891989,2
10668459,1
9038465,1
10336259,2
6763904,1
10473789,1
1263470,1
9916433,2
10566038,1
5809476,1
10945901,1
8351468,1
7284086,3
1095747,17
5736161,3
9930257,1
11047123,1
2647028,1
1768854,24
5914127,1
587209,48
10719010,1
1623434,1
9202093,1
9702494,2
4502882,4
8719776,3
4990061,1
3926793,33
10058663,1
4406393,26
9457136,1
9195399,1
2159651,2
4303955,1
9664794,3
1631354,1
10492030,1
7395722,2
6757640,10
802669,1
10001034,1
5598985,3
3452500,2
8778997,1
10449119,1
1571324,1
9383345,1
9017260,5
9886554,2
2388819,13
3681542,1
2059463,4
8810666,1
1086873,4
10191746,1
1225968,165
9001997,13
9384371,1
9762867,1
8394489,1
10567776,1
3535319,1
1512202,224
4571318,1
3427445,5
9787518,1
8331668,2
10682462,1
5727251,1
1068107,1
10944812,1
11205776,1
6673058,1
379642,5
8725724,1
9132820,10
9579555,1
8893746,7
2485622,1
1071572,1
1551164,1
5752064,1
7108108,2
7285436,1
1304140,3
8453438,2
10115687,1
3863559,1
9079767,3
8989614,5
3186047,1
3510866,4
9823634,1
5405960,1
10262413,1
9630999,4
2074439,2
8848421,1
4671380,1
1875477,3
4813698,2
4580363,6
2251630,2
8941995,3
573998,1
10429869,1
8764749,1
10533115,1
7451819,1
8272961,1
8916335,2
3896526,10
9452898,2
3510767,1
4132234,1
7785837,1
10189992,1
3350431,3
10123769,1
6899977,2
10238942,1
10016470,1
7305316,1
9270584,7
10204471,1
994784,4
1635468,1
7423676,1
10354970,1
11015597,1
2047880,3
914124,3
4045367,1
4500118,3
1377735,1
109119,2
7138691,2
9302380,7
8892701,72
7057321,2
6456446,1
10564553,1
3674414,1
3394541,13
4863756,1
10676838,1
7644680,8
10967970,1
9824679,1
10989912,1
10634131,2
9200022,1
10654049,3
7377308,13
8638109,1
11273005,1
3405313,1
6515909,1
10921646,1
3905967,1
4409976,20
3673460,1
10688817,1
11084564,1
9418977,1
7032337,1
10142623,1
4133026,3
11068210,1
2837900,1
7567479,1
9655271,1
9466695,1
2394597,5
5979522,2
8989317,11
9388449,1
2953334,2
1771337,2
10108144,2
1084901,3
10539308,1
7417970,1
9899064,1
8991495,6
1058919,1
9400093,1
11218899,1
11243602,1
9143053,2
9020301,1
9787815,1
8579042,9
3101130,4
9096902,2
4649394,1
7047160,3
10819019,3
3173573,1
9563011,3
8886591,1
794812,3
2114119,4
10790570,1
6621974,1
7676577,1
8997372,1
9945503,1
4476666,25
8236051,1
430987,3
1749909,3
8402948,1
1785846,1
3307196,3
4974023,1
10297000,1
8773145,1
9655587,1
9096597,1
9053675,1
1981091,23
9887049,1
4894798,1
4230596,23
10148041,1
2675595,2
4774043,2
3120058,7
8955558,25
4041767,4
3510190,1
11119844,1
8439966,1
8903825,1
9530396,3
2432305,2
1563990,1
10081702,1
250257,4
6549047,1
10124696,1
7415891,2
4834686,1
10787619,1
444685,171
7222967,2
2634617,3
4715985,1
3550961,1
8711152,3
3898209,1
4448847,3
8176076,1
9357858,1
2515817,1
11185797,1
8825651,1
9151883,1
3497556,3
4684629,1
5490470,1
5966553,1
9375010,1
2276471,1
6816031,21
9341710,1
3770958,5
6765425,2
2681895,1
3908739,4
10573265,1
10045595,2
4385270,1
1799643,1
2557631,2
1147082,1
9309112,1
8546570,1
8869428,14
4682135,2
6783083,3
10673354,1
9505646,3
10689799,1
10709165,1
1694887,2
5832191,1
1528287,1
2134090,3
9170305,1
4878705,1
10893585,1
8368587,2
3476810,1
10771922,1
175413,6
1262994,2
9646523,1
10452683,2
774814,1
4183373,2
9143611,6
10318736,1
9698751,1
9743543,1
7539704,1
227721,1
1012117,1
10246466,1
10150499,1
9631060,4
7405009,1
8693766,1
1354965,8
1801351,1
1081274,1
4269396,1
10816247,1
3070937,1
4187072,21
1113980,3
9774288,1
703867,1
4387629,5
3532943,3
11195499,1
9231460,1
5404079,1
11138294,1
3401713,9
8740420,3
3386577,58
9925758,2
5778651,1
8336041,1
3201472,2
9550204,1
10846046,1
2703502,1
10297866,1
1955450,17
1770608,5
2526185,4
9469016,2
9435752,2
2414774,1
7161271,1
5364542,1
655852,82
1779609,6
8305469,1
1712567,1
7519706,1
691096,1
3628668,3
23932,17
10292311,1
6736193,2
9872298,1
10881812,1
2188622,6
1025177,3
8854163,12
10620334,1
5779344,1
