1508672,26
11067677,1
8462470,1
4985018,1
2705010,17
10507769,1
11218336,1
9401845,8
4510096,1
11193352,1
2395376,2
10208374,1
5993847,1
1998026,2
10878524,1
11310829,1
3942944,13
7375153,3
8240575,2
1900753,1
1441775,1
3377717,3
1136657,1
4270084,1
224009,1
3278294,1
4868234,3
2660803,2
10356208,1
227150,6
10201614,2
10809296,1
370881,1
575154,1
3213718,1
933732,29
9930109,1
10801906,2
1915441,1
9510899,2
10801348,2
3509495,1
2604599,1
11164282,1
7358639,1
8868227,3
9337171,4
6856088,2
2483288,1
10756240,1
6887633,2
7784933,1
1426268,1
3382810,20
3256577,1
9352048,2
9608,3
2378609,3
8037210,1
10375414,2
8974292,2
9484961,1
1956482,9
2327993,2
4861961,2
10287340,2
11263147,1
10709053,2
4173523,2
603468,110
6147377,1
10165039,1
734643,4
8902011,3
231885,11
9815819,1
6875816,1
5012683,1
11227859,1
4971950,1
5824024,2
4832693,23
252279,4
10839040,1
665703,23
9570703,1
689914,1
11278484,1
2359574,1
9683159,1
7060044,1
4679045,1
8258332,1
1547444,2
9351003,2
6703870,1
9450814,1
7112929,1
375589,3
10814768,1
9243797,1
10532879,1
5387967,2
1856519,3
3251635,3
3333896,1
11044159,2
44151,2
4048522,3
4509043,2
260081,1
9671936,1
1646309,1
66382,3
1199577,11
10279934,1
4955552,1
10074490,2
6588617,2
9563369,1
4070662,1
9144940,3
7189547,1
3503626,22
1561150,1
10150233,1
11004009,1
950463,1
2844520,1
9999159,1
4661530,1
1539227,1
9890267,1
8608289,2
10155634,1
4992308,2
3473134,3
8589795,1
9630733,1
10679471,1
10421133,1
10516426,1
687574,1
5567020,2
6768635,1
5894072,1
594838,2
548262,2
8797046,23
1587891,12
396937,28
7813066,1
8592575,1
9435992,1
1431479,1
3033222,12
2387401,6
9215112,1
6715219,20
9465043,2
9486608,2
2311927,2
9077738,1
2721111,1
2836916,1
10697093,1
10386656,1
1637336,5
10072474,1
5737058,7
9266512,1
10650120,1
231470,2
10158307,1
10177018,1
10532464,1
10006738,4
1147231,8
7440952,2
10976886,1
1016650,93
9180184,1
10932460,1
967780,1
443330,183
10014441,1
8332799,1
8404816,1
8783186,1
5431291,1
1279550,32
10085605,1
8863222,1
3103017,8
1623836,63
2474774,1
3206563,1
4613001,1
9368735,5
1610966,1
7118446,1
10170088,3
4532074,2
545490,1
8357233,1
1512145,13
5781734,1
172809,1
3110703,15
231948,2
4427648,1
3931559,8
8784275,20
4259799,1
3352750,11
8253544,2
8637953,3
9153517,2
985014,9
10801843,3
1939418,4
229680,1
954360,2
4860638,18
9083010,1
3053671,1
3440266,1
10718873,1
4797729,3
9047227,1
49192,3
5959368,1
1896191,6
3177377,5
9788630,1
10376701,3
8664331,1
6780127,1
10247803,1
5358798,2
11289987,1
10765727,1
8944295,10
10628071,1
86641,49
10510981,1
10515120,1
9963978,2
6769328,1
10918402,1
7379311,2
1468398,7
10574891,1
10190941,2
1985750,1
9447539,3
322712,1
4277960,1
1523882,3
2115682,1
10376918,1
10246192,1
9410142,2
8756104,1
7677617,1
10978668,1
10207609,1
7634533,5
10253581,1
1750020,1
10855303,1
10230621,1
11213089,1
7200561,1
2237966,2
1858238,1
9395627,1
10644037,3
7037013,1
8627594,26
10133142,1
4422607,1
759088,1
1496676,1
2618044,2
1217323,1
5582906,2
9997476,1
148310,62
1903723,1
2205123,4
4020612,1
9396040,1
9602356,1
3252427,76
9454252,2
8956887,1
1329545,31
10040244,1
2168053,1
6921436,2
4992641,1
10888938,1
10927312,1
901953,4
4527971,2
8247901,2
9886208,1
10517119,2
9952079,1
2027275,2
10153500,1
10255426,1
3213196,1
101032,3
10345417,1
5908463,2
2695940,1
9329251,2
7525886,1
207828,5
9321691,2
11146660,1
7777706,2
9698180,1
7380760,2
5860439,2
9890429,2
671607,8
6736144,1
3559616,2
9818663,1
9569282,1
2394908,1
10334068,1
1680329,1
10683458,1
10717234,1
200708,10
11109175,1
2112360,1
664092,7
721520,1
1485632,20
3396266,1
5324434,3
1318196,1
10295161,2
10340566,1
10737746,1
9467438,1
4705621,1
2311369,2
3545701,1
10833974,1
7283281,1
3443687,1
10617307,2
8950306,1
9327785,1
7414816,2
9551632,1
577549,87
4209136,3
3119407,8
10772756,1
4875623,31
10788371,3
2969513,1
1489089,10
215586,39
9975344,1
9912776,1
9955805,1
9313834,1
1592219,2
797013,1
10350826,1
10622293,1
3939353,1
9681674,1
1572301,3
533376,4
7125321,1
9260121,7
9262002,1
9676878,1
7293893,2
5351920,5
3097781,1
5492203,1
4306101,2
10493279,1
301012,242
3272362,1
8606966,4
10612203,1
6760822,10
4328648,1
10352798,1
646489,2
525258,5
5210232,4
9431806,6
10153159,1
3277565,1
4845662,1
6825901,1
1829410,3
6881242,1
8884364,2
664911,7
9650489,1
1385804,12
8891294,1
2087170,4
9174145,2
2972032,4
9800158,1
8311657,2
10264138,1
8221053,1
5066107,1
10043566,1
1712400,1
219131,1
4696983,8
4158665,1
9075901,1
7539980,1
2460878,71
1547309,1
3898089,10
7369114,1
1959551,1
9697965,1
931004,4
9781051,1
3304834,3
9832847,1
1534637,24
2117563,47
5351227,1
249606,1
635346,33
9453479,1
5499026,1
3488787,21
4250130,1
9529808,1
8808214,1
5596596,8
10236553,1
1538273,2
9676012,1
7142313,10
3308984,221
2106376,1
1850164,39
2341429,1
8810617,1
1921381,1
9657455,3
3918068,52
4859063,3
10046473,1
7270023,1
1208710,17
4290695,3
792577,1
7478924,1
1727495,1
2717558,1
10771252,2
8447675,1
2889521,4
347391,1
278055,1
9642866,2
8366495,1
8950207,1
10240675,1
4955200,43
9069692,2
1256230,1
1868688,1
11156560,1
7371355,1
1519878,3
7319614,1
2963122,1
2073436,1
3579650,1
10523554,1
787050,8
9997061,2
1387361,30
418987,4
299917,1
3030928,1
9565088,1
9374738,2
11251861,2
9689388,1
9576121,1
11168954,1
9453325,3
3923279,7
2978739,1
4216822,8
5807582,8
4312401,2
7262914,5
3142221,1
9786966,2
5555717,1
8106628,1
11168918,1
8462434,1
8890763,4
4617214,1
9466187,1
9596471,1
7297556,1
652338,1
492516,1
5352000,28
8362499,1
8618846,1
2474224,3
8871098,27
3443885,13
8888478,2
10198097,1
8444155,1
451313,24
11076587,1
8449042,1
1292807,44
9275521,3
2708783,9
1625140,1
1575777,2
4490224,2
4016284,9
1637039,2
3104557,2
1042390,12
5627979,2
9095143,1
9222754,1
8860568,1
10695734,1
9225427,1
3429214,4
10920805,1
2833333,4
4117679,11
8551985,1
4522237,33
8565133,1
1310680,1
1222138,4
2122738,1
9160032,1
418572,6
7311504,10
3330772,2
8721102,2
1617338,4
10082338,1
9754420,1
3153625,2
1228268,3
7608631,1
9551849,1
3510141,3
8120785,4
9302485,1
6580598,2
7323574,2
6884564,1
3355478,9
465462,2
2501331,2
10766492,1
5806501,2
3149459,8
11066588,1
5799546,1
2336452,3
10263607,1
7645162,1
8889215,1
10651426,1
10802770,1
3396923,4
9651479,1
9174299,2
9620536,1
10416436,1
10432339,1
8554504,1
1694676,37
10254689,1
11194045,1
10512961,1
7277008,1
8437324,1
417131,1
10725613,1
11301955,1
11230738,1
1237178,7
11305690,1
9267719,2
1062316,5
1656146,4
10570903,1
9280174,1
4720471,1
3241438,2
3200389,1
10056832,1
4488173,1
10158893,1
3926348,1
1132697,1
11070457,1
9004602,3
9020244,1
1861568,4
720648,190
6845792,1
1156619,8
9688758,1
3996954,12
3211576,2
2718944,2
1967336,2
3072508,1
10106511,3
9364838,3
10506661,1
7782601,2
10687850,1
151505,2
9771313,1
11138641,1
2432743,1
2861710,2
9400503,1
3524092,1
10747943,2
666388,29
13164,1
1749770,20
2852459,3
11252356,1
219681,2
1207360,4
4528367,4
2028210,3
9844763,1
10997063,1
9639022,1
780499,2
1193483,1
10391416,1
10688958,1
10463579,1
4104006,4
10793582,3
9456845,2
10252041,1
2102262,2
10615011,1
8410503,1
5523028,2
4982958,7
9319216,2
620306,3
9225463,1
9279833,1
9868262,1
259047,9
4511644,1
2142024,2
10528793,1
4230907,5
8893139,2
7324429,1
1587341,1
10050441,1
2262364,4
9509585,1
2054563,21
963135,4
4882003,44
10345967,2
1890061,1
4510717,5
5550910,42
4226524,4
11054202,1
7048615,3
2168710,25
4177835,1
9966687,1
10642417,1
8637403,2
849970,1
9302782,1
8773088,1
9861395,2
8747780,1
3328388,1
1221841,3
7388933,1
3886668,2
9855356,1
10030182,1
11216491,1
418770,7
10382759,1
6545885,2
7254535,1
9898421,3
1442116,3
1541215,10
2062799,2
9414102,2
4862717,1
9903055,2
8766392,76
8003118,5
1739870,1
9669236,1
4992498,1
5775489,1
8346695,1
9256513,3
274392,2
10267504,1
3450562,2
10065643,1
10772297,1
3108418,1
28564,147
9752602,12
10809494,1
4252877,4
8392559,1
8765564,41
8687354,1
3410926,2
10781251,1
584325,14
5896863,1
10229128,1
10002363,1
3495310,1
1671590,1
8684942,16
1678322,1
5895026,1
2835863,1
5366465,1
8710366,1
2201839,2
7092887,4
4808573,2
4669695,3
10313322,1
3916385,13
8860450,1
787113,1
241370,74
9030441,1
6588103,3
10667915,1
2446298,1
3205276,1
9961709,1
10655738,1
2084623,1
10999953,1
7612816,2
10396501,1
1821300,6
10443328,1
11155688,1
1610056,12
576144,3
3494023,21
8317020,2
9583466,1
9943312,1
1828673,2
2333699,3
9590990,2
509869,1
9301008,1
6622357,1
10202604,3
9905648,1
10308661,1
3278591,3
10391966,1
391437,1
1252982,1
8894011,5
2135581,3
1423801,1
3650380,3
10224178,3
5105680,1
5910316,4
4362415,3
8414293,1
6694844,56
9221151,7
7711195,16
3021900,1
2959613,2
5767055,1
6781351,1
9739878,1
5841467,2
9228884,1
10288088,1
1806893,3
4473584,5
10699884,1
1223425,1
8529070,2
8706604,5
751932,19
10204260,2
10924405,3
10904443,1
6787481,1
2364073,3
4970050,1
1259868,3
10417327,1
8567212,1
10787309,1
8960099,2
790696,5
4274404,1
5674850,15
784693,1
966259,1
6737909,1
10815541,1
11087224,1
10835206,1
10678841,1
4488489,1
11158702,1
11185333,1
7085399,1
11286269,1
4245172,3
680201,2
525654,1
9372145,1
63934,3
5371621,1
1492526,6
1502047,74
1833884,10
8736241,1
10378637,1
8595798,2
5045056,7
10513005,1
1490906,1
9879215,4
9300766,2
9391810,4
11235922,1
11275937,1
10507750,1
8267044,3
9406633,1
2475269,3
10067164,1
7220028,1
11298905,1
1160777,22
6762497,3
9460291,3
9101460,7
10714129,1
10868822,1
582804,1
2284199,3
7736242,1
9192578,1
4292738,2
9483061,1
2511547,1
5727914,1
11178755,1
1057853,24
2248892,2
3456953,1
9507019,10
11117095,1
4790807,3
7183219,1
4555394,1
9507965,1
6528343,2
7068866,9
10938040,1
160965,21
4837544,1
3348809,1
2514201,4
3599568,3
2631337,1
10124331,1
3369734,1
10698443,1
1798893,1
5522489,1
906705,7
4369986,1
2419018,7
10186063,3
2258918,1
4061518,1
10965897,1
7558853,1
8411746,1
10079198,1
9979142,1
1427555,2
89017,3
9776101,1
1497611,39
896112,5
10164580,1
228041,4
1585820,2
9587679,2
605998,3
6805480,1
10624589,1
8890169,1
7379267,2
11106529,1
4972481,1
8941289,9
10438928,1
8602500,2
1003447,2
8993877,1
6897272,1
7659635,1
8953169,3
1960090,11
10757285,1
4890770,1
10570598,1
1178949,6
7223430,1
9759425,1
9101361,3
7471309,2
10767581,1
10866608,1
10998053,1
9479057,1
11117040,1
7519036,2
3285999,14
4417333,4
6921733,1
9055598,1
742626,6
2837186,1
2938625,1
791037,22
11148992,1
10935449,2
8314014,1
6759112,1
417582,1
5744582,4
5989428,1
696286,4
5459525,1
3232663,1
295209,1
3035950,34
6517255,5
