3524356,2
4794482,1
281270,2
7975745,1
10412677,1
9051388,1
2030102,1
2884277,85
4011246,6
257529,7
10849295,1
7495081,1
5418325,1
7286119,1
614144,13
5741560,1
7329292,1
8119320,1
8275462,2
6791353,2
10257382,2
9650734,1
8109835,1
2771326,167
3458774,2
7538281,2
10217430,1
6562410,8
7744679,1
9078154,1
4385378,1
8843065,1
10907056,1
1851751,84
9295379,2
10882883,1
5985966,4
10852831,1
1403149,1
8871406,1
2008152,1
7073368,1
2786663,1
1608610,2
8289575,3
3362301,2
540218,4
8354860,1
9224476,6
9424591,1
4524751,1
701624,8
10070343,1
11263898,1
1671854,3
4939355,1
1609619,3
9698183,2
11148382,2
10974359,1
6572013,3
11099819,1
4183011,2
47539,16
10336843,3
4293811,1
8600578,1
8258371,1
6781354,1
9259621,14
1497713,52
7107892,4
10266058,2
1764686,3
7622890,1
1918928,1
8834191,7
631235,2
1748783,10
9544444,1
1699962,1
7215829,13
2848178,3
4827089,1
8362582,1
11143107,1
5466656,1
11193102,1
4691332,2
5403637,51
11229427,1
2514358,1
4249135,1
4451950,8
8602206,1
1303159,12
9006838,1
9645622,3
10962622,1
5751677,1
2470168,2
2004390,13
4132224,2
3895562,1
4896317,11
8821609,55
445610,2
10333873,1
3091555,3
1227776,4
10628137,1
5259449,1
6732899,4
1171453,23
3258893,1
9797697,1
8842688,5
9032127,6
3885662,19
5724172,1
5956049,1
6512451,18
7376542,1
1633739,1
1388354,1
10013102,2
2304838,1
2428778,4
1503373,122
10626850,1
9288548,1
6907769,1
595155,2
9258172,1
7568008,1
10751158,1
238791,1
1610653,2
9290987,2
1568949,38
4054726,1
10427626,1
10909883,1
7730412,3
3269288,1
3450411,1
7782992,1
8277109,1
3554218,1
10364978,1
11246202,1
11112453,1
9518209,5
663429,4
919100,1
7382581,1
10368479,1
7317970,1
11117700,1
10549135,1
2065302,7
5299940,1
5751163,1
8964917,2
6844219,2
3330324,3
11191889,1
230681,523
1682898,24
3349577,5
10731457,9
8928700,3
9712131,1
9890215,2
251688,2
9280474,1
9306745,1
9164248,2
1915598,1
3192788,1
4844378,1
4248497,1
11030841,1
9450790,1
1809415,3
10458514,1
3262627,3
7675379,1
9418093,1
5990113,13
1949951,11
1048847,11
2147563,2
10257184,3
9462274,2
1309847,1
4019815,1
7324710,1
407946,14
1504462,2
376365,449
933276,14
6571177,25
10588600,1
45991,188
1686308,4
1369643,1
3071043,1
9371400,4
2943776,2
5489976,1
2366911,50
9759879,1
1268311,8
190316,3
6810504,1
10997110,1
1266287,2
16786,33
3448379,2
11075798,1
8271862,1
3918368,5
10546976,1
7100222,1
1505669,169
1941148,19
9982736,1
3100707,1
9703933,1
9879669,1
9386792,1
793768,10
285645,15
10600939,3
9907667,1
597036,1
10120635,1
5367791,2
1771822,1
6643087,2
1533848,19
10882982,1
10276057,1
11264077,1
10639874,2
1455737,2
9464155,13
1797851,1
8655163,1
3397916,33
9129436,1
9535138,5
1656248,17
9759365,1
9761100,5
9348622,4
3222018,41
9827062,1
561891,5
667010,7
9351006,1
720470,37
9278134,2
10298486,1
1526495,2
9224773,1
11113344,1
96030,462
7946323,1
9631113,1
3295270,4
9346598,5
10519372,1
7371655,1
10986833,1
3626461,1
963732,1
1578948,8
1767304,179
9623644,1
8821807,26
10208737,1
3031696,2
10434105,1
8491444,2
2707147,10
1448708,4
6524449,5
2287216,5
10960958,1
8899712,7
1333156,2
9611412,2
1805815,1
5595716,3
8915137,22
3456442,1
8776754,10
3053179,1
8313522,2
9956889,1
9112001,1
11179036,1
8614834,1
9856899,1
9672712,1
4410766,6
6815130,9
11200527,1
1159169,1
7031634,1
591159,313
3454066,1
5807585,1
10510731,1
3990269,1
11164032,1
9128905,2
9791369,1
617114,7
1438682,8
4895,29
2866619,14
3483587,1
9808469,2
8795528,56
787215,1
3148390,2
8366696,2
2287054,1
5482199,1
3899621,8
722090,1
1513471,1
3071106,3
10777998,1
7086021,4
2259433,1
9682865,1
10879869,1
112079,12
1367429,65
10141227,2
2314378,18
1979255,1
551559,19
8946773,1
8891954,1
9705094,1
10629262,1
9746305,2
3302893,4
2160892,2
1944712,1
4210984,1
11163619,1
5341979,3
11270278,1
9538496,1
6761400,2
4510495,1
10418518,1
10271962,1
9755864,1
4628891,4
86130,22
8917450,100
3960091,1
662673,1
4895679,1
1609493,2
4736468,1
7894411,6
10088867,1
10737730,1
5893706,1
7124433,3
2378071,87
8923002,1
9148705,1
9292813,8
4950866,65
8325556,1
1766666,3
1661044,1
11224639,1
2015703,3
7841842,3
10371790,1
10046674,1
5732353,1
4228345,1
10925885,1
83773,36
8334961,1
1821817,1
10419409,1
2243593,2
4295846,1
6574859,2
9979604,1
457581,18
9522664,2
7512513,1
9333439,5
9430198,1
10258930,2
6538642,8
2811600,4781
3936449,1
6751654,2
2706193,29
7049842,1
2127114,1
10859753,1
7415908,2
312257,1
6590680,5
7419742,1
1022403,1
1544521,146
4979090,1
4932172,1
3219571,1
9047725,2
3157976,1
10713970,2
4502377,1
9776500,1
4242727,1
10786358,2
403076,8
9245167,1
7507393,2
10467226,1
1371037,1
6635068,2
89614,30
11085283,1
486615,12
3568169,1
8857637,1
7621611,2
7250938,1
2285137,15
1959969,9
8979597,1
9210011,1
10703836,1
1985159,3
8316132,1
7294787,2
8153241,1
8643706,1
8684945,1
9311857,1
478830,1
9005631,2
1283936,1
10944659,1
8306133,1
4888884,1
9843677,1
9899315,1
790905,2
3177028,1
7481806,1
8674234,2
6406639,1
9788435,1
6901837,6
9825640,5
10604674,1
11180881,1
2062486,2
7822735,1
1067891,32
4557377,4
10937468,1
9491759,1
8913201,1
3926170,2
7536111,1
10987067,1
9046672,3
7637380,1
9571787,1
9855692,1
9809044,1
1810927,1
7263907,1
185718,1
1676859,3
3100383,7
625881,1
1516559,94
555915,1
6940249,1
5832992,2
931043,18
3165959,1
2058661,1
4063537,4
7687042,1
1034572,3
9974915,1
9033810,5
6687593,4
970527,2
9994256,1
6468668,2
1405525,2
7414891,1
2071143,1
9983069,1
9332548,5
10884629,1
9592423,1
11095084,1
2179603,40
3271339,3
7422324,1
11116927,1
9692710,1
35857,2
9024991,1
1133121,1
7512315,2
3163762,7
2712916,1
7458217,1
9900907,1
4712293,1
1936586,3
4530655,1
9334050,1
9563966,1
36234,10
5850479,1
10221615,1
1892819,3
5827448,1
5492990,41
2956132,1
396011,2
4790486,24
4855367,3
10283248,3
1661008,1
10106000,1
2771939,1
2271989,6
564014,4
1378193,1
3283750,2
10426474,1
3918511,2
4689894,2
11214478,1
3323944,4
8723789,48
9278288,1
10148031,1
5874932,1
10611810,1
2790532,2
1170779,407
11187910,1
7441981,1
10187001,1
10328167,2
9133044,2
6568243,1
10012310,1
4720988,1
7118845,5
8887175,1
646437,279
8257705,2
342191,6
8331243,2
10858826,1
11310255,1
7748837,5
1052815,2
4568726,2
6788889,3
10754678,1
9489716,1
8790028,2
9332188,1
2237653,21
10388972,1
1488443,27
9043963,1
9345355,1
9065743,1
10484551,1
3262014,2
10962028,1
5039317,1
4140919,7
10180387,2
10788671,1
8259938,1
11056771,1
4649843,2
10612756,1
9226753,2
9344824,2
11025072,1
7139121,1
9514843,1
11027962,1
10960705,1
10131976,1
4816207,1
4803986,1
6583057,1
9183193,1
4258757,1
3141270,69
10673803,1
4014513,2
1626188,3
2435617,1
6632395,16
7426122,1
671781,24
3179819,1
2122029,8
4955401,1
4915081,1
10333972,1
1512698,4
232328,5
8563057,1
10558801,1
11296054,2
970824,1
11174509,1
5912786,1
9050109,2
1744138,3
225849,1
2965754,7
3234448,1
10486784,2
7979697,1
3111471,1
2150695,9
9810817,1
10236042,1
10701441,1
2939500,12
4876300,4
790680,1
6507394,1
8935270,1
1725625,1
9590506,2
10064719,2
6617644,45
1874620,5
8910286,1
2283814,1
5875724,1
446718,1
11193058,1
642639,2
8885195,3
7442674,2
5738843,3
10536526,1
8334213,1
278300,1
3300778,1
4849012,1
9595943,1
9914344,1
2849564,5
9854152,1
5827088,9
9380310,1
9971585,1
1542794,37
8862884,4
9248335,2
2237158,1
10428616,1
10865756,1
10335105,2
8664488,1
7320769,1
3114658,3
3168866,3
7556010,1
3549359,1
3108952,1
10066221,1
366960,5
7168598,1
11126665,1
1307001,3
619248,1
4043278,13
1828027,1
10238770,1
9077678,1
2359063,16
8991070,1
105996,5
1623578,1
9762398,1
1675391,9
4520818,2
10518346,1
9792304,1
731261,3
998789,1
3414628,5
10165375,1
4806956,1
5760848,1
947947,3
3263194,1
10449703,2
9445903,2
6886745,34
428123,11
9500587,1
8772659,3
9918719,2
1428746,6
786261,3
9647,27
11180430,1
2672678,1
6834616,2
763059,4
1545250,1
228954,14
10191574,3
7786817,1
8561734,1
3170917,26
10206009,1
1163173,19
10968301,1
9450259,3
11296315,1
2835550,2
407135,123
3011580,1
8887535,2
4214133,1
226262,1
9858662,2
11153296,1
10745452,1
11030346,1
2870920,1
695893,8
9966239,1
2792666,5
6589943,3
43821,42
9990403,2
4141035,1
1836802,2
901343,4
10311507,1
70119,1
6633088,1
3166688,2
1037605,1
9420694,1
8999955,1
3632167,2
3395125,1
9867239,1
1677038,3
8445959,1
11150037,1
3207358,11
3483488,1
9881080,2
10622557,1
900650,7
11113740,1
2177164,4
11252395,1
1812709,2
10746307,2
10033056,30
9144547,1
3010059,12
3377396,6
5892040,192
9010707,2
8424817,4
7600821,1
8723022,1
11049030,1
2277866,8
6540036,37
9546523,1
8477125,1
1943263,2
10873739,1
2811493,100
10456589,1
11134648,1
1457401,3
4897497,66
11256256,1
1999866,1
525305,2
9290536,1
9896994,1
5593024,2
2289133,38
9668249,2
4767617,1
1335587,1
79291,27
7452673,3
2492902,15
7450080,2
7469044,2
9714977,1
1076666,7
9707885,3
5767193,1
4226112,1
1332779,19
2705761,1
2882990,1
7476235,3
3885563,1
6588395,1
3532988,1
10892170,1
8266813,1
10340668,1
5545801,1
10485541,1
7064296,1
96959,15
2657369,1
448338,1
2816380,3
9188,29
10158544,1
8666053,1
1685868,2
11263942,1
1661503,1
8958004,1
8823463,2
4812580,1
1229756,1
7095283,1
40392,1
9902013,2
5689695,2
10647181,6
10825859,1
8903617,1
9022876,2
3996506,1
8988416,2
1029325,3
9608173,1
4409290,10
4119148,1
2179306,1
4474261,9
674391,12
4933360,3
5509199,1
3487709,1
10798986,1
2047771,11
11078966,1
6690887,3
5831092,1
8538604,1
2360935,1
1892657,23
9142017,1
4160953,2
6630360,17
6543853,1
1486012,1
11217583,1
1330906,1
10979840,1
9379510,1
1808128,4
3994922,83
6838469,2
10553716,1
8811547,3
74962,442
70966,27
2003724,1
9896246,1
951096,1
6747631,1
8874962,4
1351534,2
7364824,1
9443626,10
8366281,1
9812275,1
10960796,1
11055745,1
10315080,1
1518836,2
11262240,1
1783919,27
9950182,1
10233072,2
8643599,1
11286,481
3253258,2
10495900,1
10734526,1
10958915,2
11114884,6
8651464,1
5805811,1
1210297,1
5603815,4
9444490,1
10665523,1
10215090,1
2024514,2
743790,4
10988516,1
7611829,1
11038041,2
10311958,1
4973221,1
9647396,1
11292102,1
9825109,5
10582778,1
2622268,1
8651167,1
7569845,2
8469791,1
1084649,2
2967077,1
10475542,2
9823165,1
293664,97
9794438,1
10000999,1
11087362,1
5728330,1
9322486,1
9445480,1
6820080,2
5531798,1
6808390,2
1185629,5
9918502,4
9752696,1
6815996,7
1109650,4
42039,1
9789010,1
9965483,1
723107,42
8539036,19
9265110,4
9674648,1
8199944,1
8372581,1
5943872,9
9953512,1
9117952,2
2008512,1
3902239,1
10942110,1
1442515,3
11109376,1
1819469,1
6887771,3
3215322,1
2355111,10
748759,1
1631740,21
3267451,1
4126834,13
9169586,3
10690949,1
