7512142,1
9563757,1
730620,186
5898178,1
6587295,6
8615390,2
5952933,1
7067813,3
302283,2
6860246,2
3902921,4
1498648,67
639389,1
10033306,1
6061643,1
6611,208
553564,1
8728728,6
9689776,3
931997,8
640981,4
9279212,9
6557243,9
10228012,1
10336021,1
6534536,51
7618523,1
3430358,1
4190895,48
11189538,1
8748050,1
962272,26
10771307,1
1553024,28
737399,11
9722534,1
6897525,2
2615363,1
3206393,1
2852135,13
2339612,1
3359312,10
2303161,2
10673982,1
10080089,1
10406410,1
11089845,1
7051423,4
9065732,1
3256811,1
4000598,3
2687094,3
10429136,1
9121612,1
1664869,3
2888622,5
3522725,1
10243637,1
6854856,192
3484566,3
715726,1
11139362,1
6689328,1
5602256,1
6539874,4
10588509,1
4447278,1
3676167,1
1348185,3
10044881,1
4692663,3
6537894,53
7031227,4
8469906,2
7349298,1
10154735,1
1629598,23
3362246,5
5823738,2
9695760,1
452999,57
6697842,1
1009019,2
9378762,2
4448628,1
9607389,1
8299068,1
7753820,1
4001632,5
9768723,2
6866989,5
9021820,6
3583412,1
9713110,1
10319499,1
8246246,4
7677348,22
5894677,3
2460194,1
10166868,1
5986549,3
10270367,1
7179972,3
9726233,1
668198,7
561547,66
7152142,1
7613023,3
8333825,1
8399256,7
11295963,1
1221987,16
7530124,1
8893112,20
2171933,2
7640050,2
2727846,1
9309597,6
4994118,2
40642,10
3319154,1
231264,9
10851948,1
6504179,1
10472778,1
8401621,1
8688570,1
3390678,8
2834018,1
5571530,1
10512755,1
2735964,1
2057165,3
580401,1
10050532,1
4674744,7
4369978,2
6902654,4
2208077,11
2081708,2
1859652,24
9814046,1
7787887,1
2831705,1
1073487,31
4197726,1
9410747,1
6934172,2
10423853,1
4978017,1
3020740,4
2869551,1
365978,1
7080331,4
438779,3
2965798,4
3070592,2
5959440,1
4313438,3
10581326,1
9918898,1
869113,11
6905011,1
2642453,1
9269367,6
6248778,5
4899565,2
9080384,1
548669,2
6613538,1
3426948,1
10335644,1
9386880,3
10374056,1
1482357,2
2677419,5
2995902,2
9934089,1
4686426,1
4240277,2
6786997,2
9226049,1
8481786,1
1175042,6
2522979,1
1484175,2
8360159,1
127927,73
9470345,1
8806325,31
3454767,1
9559789,1
1799622,1
3353039,58
3714263,1
7112344,4
1888975,1
10483316,1
4141970,5
2346281,2
10578285,1
4179546,1
4999618,23
3455603,1
10717479,1
9966561,1
7071160,1
11077316,1
3292910,9
9026113,12
6618029,7
6925677,1
11181211,1
1064937,35
6938907,3
1732085,1
9522059,1
11081636,1
5590205,1
4447061,2
11281715,1
4415499,15
3231610,13
8348865,1
4953366,10
7419588,1
6994284,1
5777505,1
3058091,2
2974257,1
3458529,1
1109081,1
1431056,2
6724418,1
6518589,3
1798272,1
10186019,1
2063267,8
7486638,1
6799416,1
8359142,4
2609162,1
6809649,5
6854955,5
3351554,1
2320216,1
378136,8
7147805,1
2115278,1
4930857,2
10939239,1
1238754,8
9537206,1
9092129,1
10998603,1
11106340,1
9646098,2
3202793,1
11270050,1
1389135,500
9291614,1
9847761,1
10353464,1
7706732,1
10954647,1
5664906,1
4479354,1
10088603,1
10286658,1
8887128,7
7729494,3
6917595,1
10557657,1
9417966,5
9360301,2
9496239,2
4555386,3
9837825,1
3542723,2
9563595,1
11083553,1
9568446,1
3458213,2
7584486,1
10643336,1
11271392,1
4954752,1
4197663,28
9394764,4
9454659,1
9303665,6
6556019,1
1872486,2
11181428,1
8402611,3
8703464,1
4504995,5
9887064,1
5355864,10
8437613,1
8538071,1
3529908,8
5724422,1
6736271,7
9066010,2
5056488,1
7286559,1
11299923,1
2041649,2
2954916,1
1979299,1
10420036,1
6729891,1
10855584,1
8781198,6
3585744,3
11200750,1
1165359,1
5587227,1
11189970,1
2292966,1
10308554,1
9443291,1
7976111,1
10411423,1
8455370,1
3151574,1
4195034,12
10787238,1
10177794,1
11286990,1
1722798,317
10576412,1
2911670,1
6537506,11
289630,7
1436105,1
10470383,1
3340529,7
10764369,1
10382075,1
3195846,1
5464412,1
7614329,2
2254535,3
8709954,1
10174535,4
2558240,10
5585508,1
7727676,1
5751963,1
11275569,1
4191272,34
1955231,2
2952576,1
1193574,1
3292866,2
7102705,1
9200191,1
4185549,46
5968053,1
10105829,1
7341449,6
9488319,1
3894110,18
6707723,6
1511796,18
8456478,2
11113333,1
1525142,11
3203035,5
7945575,1
5055498,16
5932737,1
5057775,3
9365892,1
2861081,8
3533057,1
2684330,1
8307761,4
10220353,1
2526678,14
219934,35
894278,49
9953853,1
10548846,1
10595673,1
6211048,1
1123067,2
11063258,1
10854099,1
9922929,2
23768,113
2060819,2
5772357,1
1792557,1
9875607,1
9485385,1
1212923,24
7052765,6
7359341,1
7458990,1
533511,1
1956988,44
1329988,1
9083516,1
6834344,1
7033793,1
1401040,3
195599,354
10719756,1
2101822,6
10574072,3
11170970,1
5036633,1
9734252,1
6697897,5
11290779,1
10371644,1
2648330,5
10324556,1
1085727,1
8872737,3
10309508,1
5040241,1
9357675,1
2363633,5
4036120,6
10041875,1
10273175,1
2514743,8
1918098,3
10078046,2
9525560,1
5407226,3
10439333,1
7283732,2
3447738,23
10056464,3
8611402,2
2952873,1
10955970,1
9876039,1
4554440,1
10292958,1
3264632,2
10857924,1
524142,1
10735596,1
31831,1
10000672,1
3114999,5
4680549,1
292465,67
9785193,1
2034719,1
4145534,1
9810905,1
9527603,6
985952,3
5757895,1
5513101,22
7038996,1
368236,4
11260312,1
10844496,1
9697443,1
15136,11
2783682,3
280071,1
998011,5
5506938,1
2787741,3
10499148,1
6614960,8
6567396,4
10989847,1
2814452,1
3669688,1
495965,4
1666632,10
11266992,1
945244,2
6610117,11
9553659,1
175997,1
7420531,2
11120128,2
2696823,1
10209716,1
11305745,1
9142493,1
9022568,2
5427738,5
9978603,1
5791329,1
9480803,1
6746586,6
537922,3
10043396,2
1392564,6
9973202,1
9148884,1
2163400,1
3995604,58
9755817,1
9012253,1
1902266,2
10396647,1
1435214,1
10308158,1
1119602,48
10794050,1
227359,5
4585185,1
3297294,1
10356038,1
7544985,1
11041360,1
4529330,42
11149361,1
4888675,2
6510226,1
1982024,1
7728369,1
10886337,1
7811636,1
8824497,1
4197564,2
1006706,9
4704263,2
1576803,5
11207672,1
1291845,22
99099,4
9292893,1
10072510,2
2718576,1
4884561,1
9987018,1
8828295,3
1692589,4
9661000,1
6617930,1
1840869,2
3637700,3
4539799,1
7362239,1
11039589,1
5781861,2
279686,1
1454835,1
9610466,1
6586313,1
9583296,1
2095956,5
8047553,3
7134061,1
1940183,2
142065,10
7219616,1
2412223,5
9326336,2
4259079,1
3933729,6
10757079,1
2603483,5
2810915,1
710361,3
1980792,1
10092310,1
5875669,3
2704526,1
9093191,1
8083454,1
11040631,1
7447316,1
10197080,3
9989070,1
10799514,1
5587876,1
5888278,3
1096392,1
152479,182
9892932,1
9013856,29
10455236,1
8859903,1
606961,23
10637946,1
4526775,1
1120006,2
3298347,13
10264210,1
10495133,1
8898469,3
4948966,1
10118320,1
10186712,1
7447451,1
9502619,2
2809395,2
10255292,1
6899505,3
2307888,1
5660630,1
8467313,1
10187405,1
8325644,1
11304700,1
1527474,8
9097214,1
9553442,1
1756719,1
1281071,7
2440358,2
4553252,1
1638200,3
682723,41
10053818,2
3409695,36
4322582,5
9154832,1
804628,2
5578812,2
4216391,6
882406,1
391663,6
4407777,12
503514,1
10913480,1
7068281,23
69443,2
7781919,1
7417850,2
8344850,1
8768210,2
1032482,4
3586572,1
3417128,1
5477670,13
11288123,1
323686,1
6605852,1
10773323,1
9816738,1
4014007,2
1846034,17
85896,2
3126428,2
3098510,13
8953241,2
2350051,62
9312638,1
3901887,1
9231007,1
215361,3
3358421,4
9997710,1
6519722,1
9180770,1
1988019,5
3369924,4
4572161,1
9300299,2
5949892,4
11206330,1
6832823,1
5829868,1
10726433,1
10247787,1
344025,1
682660,2
4916772,1
3551138,1
9547593,1
10626803,1
7435733,1
10884258,1
9193758,8
1031654,79
2301596,3
2027627,2
2135771,7
1539651,9
4821182,1
4399777,3
10749753,1
8646800,1
1684218,2
4109534,18
11296692,1
8421322,1
5428926,1
4666860,1
27629,29
9355181,1
10262087,1
7444599,1
3828726,2
7839348,1
10760192,1
9273074,1
302481,42
10350304,2
10714869,1
10799811,1
8911779,1
10990232,1
11192714,1
1334685,1
9174533,16
9300280,2
8959588,7
4961781,2
765479,1
1323443,55
6817217,1
3018059,1
380836,7
7365146,1
1213490,12
9853412,2
2022163,1
8591423,1
8605256,4
4691123,8
10194137,1
7432367,1
9917592,1
7419470,3
2376602,6
3251267,1
10673270,1
9368015,1
5451542,1
7433456,1
10982826,1
11272607,1
4997737,3
1350632,5
640648,1
5909184,1
3484926,1
11061520,1
4993920,6
1393158,4
8336039,1
1452800,1
9084993,1
3099195,1
6779913,2
45287,2
6879606,1
7491948,29
9163409,1
1436501,1
4475358,1
2332349,1
10476972,1
10705706,1
1408421,1
9837960,4
9153284,1
9348963,1
10428894,1
2695220,14
9288474,4
6800035,5
2011570,1
10805174,1
2124430,1
3579994,1
5832233,1
11075237,1
10873214,1
3387087,9
1571556,1
2613446,3
10344158,1
10060234,1
8728863,1
397595,79
6807650,9
10443419,1
2955997,1
785936,3
740160,3
6512206,1
945893,1
7469330,1
7321234,1
3330269,1
4183514,1
2356893,1
10622285,1
632412,2
8888514,1
9440186,1
5767308,1
9840344,2
1561593,4
930691,1
1779011,42
9124321,3
8320081,4
5783940,1
1374087,1
10484009,1
9098042,2
3170186,2
5825141,2
10114522,1
7945160,2
9782187,1
8405320,2
10152340,1
8990088,1
676478,3
4752404,1
1502930,23
636779,9
9153545,5
8902850,2
11250412,1
6414548,1
7584189,1
5716593,2
5657300,1
1243929,1
4371551,1
10390553,1
7512098,1
8626541,2
2996983,1
5518854,16
2519784,1
9963203,2
8274920,1
8582090,1
1806533,2
2277594,12
7587654,2
4117201,7
9965571,1
2622969,1
10290211,1
11032450,1
9250529,1
3202892,1
9834297,2
10492523,1
4793247,1
10963395,2
1624890,1
9793220,1
2838762,1
4107752,2
3729726,2
9891708,1
4014890,3
10683332,1
3546639,2
2105062,1
686936,81
3930696,3
4695633,2
5760260,1
1422380,13
6537344,20
9867426,1
9551921,1
9717837,1
9221503,1
10689679,1
8295765,1
2633444,14
2093363,1
10877724,1
1899090,44
7999233,1
16775,50
4118606,1
8617136,1
9130621,1
7692503,2
1511499,77
3363074,1
3908790,2
5949900,4
7638873,1
9112757,1
1646986,1
5353848,28
10395855,1
10318454,1
2419109,6
149707,59
5881202,1
9914630,2
1942325,2
3142565,4
11113171,1
8467368,1
2056670,3
8744351,1
10884140,1
9968901,1
6355841,1
2779065,1
9088593,1
8949930,1
9040036,2
3401071,1
10718667,1
4532264,3
2299770,4
4421447,2
9937059,2
7597419,2
9119723,4
6517643,1
10087000,2
9465981,2
1682788,23
8636441,1
3331655,5
4218038,7
10963142,1
7180178,1
1521795,1
1683976,1
10610927,1
9632598,1
10649312,1
9884157,1
2646468,1
3956472,1
9502790,1
1799776,1
9806063,1
9434048,8
95895,6
8818502,1
5402276,2
9721049,1
9432761,1
1232660,1
1794078,2
9582765,1
1434279,55
10301074,1
9000076,4
10559123,1
6783026,4
7880801,1
9583917,1
5980194,1
1539967,23
8292957,1
10520837,1
2663298,1
11122009,1
11161628,1
793559,1
9343562,2
11306636,1
5389362,1
10582866,1
3454550,1
9534687,1
3934458,2
1476101,1
1071768,4
9647907,4
1643051,1
2315401,2
6746487,2
9824342,1
10033496,1
10366389,2
4003667,1
7290068,3
441009,5
7834406,1
5479713,2
1848410,90
2886859,2
2113801,4
9480993,1
1881099,6
1487181,1
3210677,5
11151115,1
2272201,1
9790665,1
10056266,1
8576015,1
6575324,1
4962276,1
