1834357,3
4912050,1
10322724,1
8365447,2
10582294,1
6550362,2
6914278,9
4794773,1
3760627,4
11046450,1
3271468,2
11198489,1
389625,1
622490,1
1414267,4
1666079,4
5060208,2
364028,1
1185956,1
9272548,2
11181810,1
8246485,1
10268761,1
1517128,11
11265556,1
11018271,1
2487127,18
1894351,1
9162298,1
396618,1
348125,2
1801074,3
9496621,1
2415685,1
7402004,1
10569578,1
1381525,35
4185076,1
1608181,2
9028486,17
80995,293
2389216,3
6806412,1
11082054,1
494015,1
1305565,3
9340498,1
440195,14
9138736,1
1596581,1
8828245,1
2816734,6
10145668,1
4790461,23
7617222,1
9846677,1
10119315,2
567762,2
3992774,3
4018305,1
2102790,1
4143955,1
1331610,1
10523983,1
2692868,1
8349544,2
1882237,1
10431561,2
9418582,1
3799661,3
1019815,7
7412913,2
8839432,3
9126658,3
2983568,2
4439182,4
10461379,3
2339004,4
108545,2
3358363,2
4479241,1
9106957,1
4502190,6
11180938,1
1604806,6
177828,4
11233920,1
9678539,1
10483591,1
5714266,1
9159210,8
6055744,1
2161029,2
607280,1
1370220,5
8783579,7
4122967,53
4403929,1
1626262,2
10365781,1
2257744,3
2446023,2
5038456,2
4178902,1
869550,79
9036513,2
773844,3
9942300,1
6554575,4
3483922,1
1957414,1
11142598,1
3118486,11
1073770,104
959299,3
10463098,1
4952164,2
11212338,1
11149960,2
2090046,82
2878169,27
9719696,1
3249977,1
3513243,1
2846632,1
270734,1
6625855,9
6619555,1
6114072,46
6704901,1
10596613,1
4122552,6
2708211,1
11241642,1
6617971,1
9352026,2
9331272,3
655025,200
9562492,1
9505413,1
9758512,1
559149,3
8149924,1
9416511,1
10786784,1
9147088,1
10145514,1
3026028,1
8319187,5
3556976,2
226058,12
9069634,2
10033347,1
3070740,1
1796206,1
8271199,1
5597825,7
11220393,1
52563,7
9015561,2
9561727,5
9700209,1
4524682,2
4698347,1
4978319,1
602492,1
1473587,1
10582591,1
997873,3
5878166,1
9435736,1
10447096,1
8428447,1
5518598,1
6102,45
8276284,1
1829182,2
7073307,8
10509510,1
11114922,2
3216504,1
1174200,15
5770264,3
9088309,1
2000784,2
674781,7
2521939,2
9336079,1
9204868,1
2422876,1
7442965,3
9835435,1
8543449,1
10898096,1
2174386,2
1381723,5
4101069,11
2181162,1
2176212,1
10624251,1
6859036,3
7322562,1
72426,25
10260002,1
4466948,1
10842529,1
10874902,1
11102646,1
5544706,1
488067,43
6884308,1
10232832,1
4254060,230
9693631,1
2287705,49
9074809,1
9976925,1
2074693,1
10517881,1
8846164,1
2049646,1
1291336,73
10158123,1
9014436,1
10739083,1
2277085,1
9289252,1
3061335,9
10249258,1
1775713,1
2984891,1
9441126,1
2276392,2
217544,28
2173297,5
6764653,1
6950971,1
661064,1
1826176,1
3223948,13
1500306,33
11272431,1
1616975,3
423428,1
7386733,1
271229,144
3918406,2
9676919,1
6598072,4
3404901,1
4757288,1
9088994,30
9432928,2
9028332,3
5809199,2
11247376,1
1040929,4
9934237,1
1294144,2
2767883,1
8359480,1
11149465,1
5833877,5
2302932,4
8592292,10
5767349,3
9664679,3
4716698,1
1802127,1
5059705,1
11145351,1
2119738,69
9842112,1
4820494,1
5779265,1
7329484,1
10140726,1
7500564,1
3660538,2
9313551,1
11146206,1
11183980,1
11300286,1
10304481,1
1660499,1
4212697,7
661226,2
10947857,1
3173106,42
10392871,1
10375186,1
5804518,4
9111104,2
10678577,1
8262270,3
9768016,1
28281,1
2037711,1
5595782,1
10246071,1
340664,1
4935037,1
7282170,2
450716,8
10977755,1
9975737,1
277106,2
8776784,1
224988,2
198258,83
10557959,1
10300386,1
2954894,1
10115968,1
3046738,1
8775082,1
10031268,1
5172628,1
2361207,1
11028171,1
10351687,1
11285040,1
10372323,3
354065,1
7218829,4
570407,17
9462411,1
1306816,3
9722421,1
4853227,1
10194475,1
870152,2
1801731,3
10169013,1
2891443,9
7994,4
8439832,1
6773879,11
1359773,4
1175894,3
18958,3
11261596,1
224375,2
9383725,1
1331566,1
4328761,1
10188472,1
10669153,1
3495893,3
2776144,10
1646161,1
10334640,2
1508867,7
10149925,2
8737011,1
1852023,191
512726,81
2706385,2
6791031,3
4677502,1
8265006,1
424652,32
10022916,2
9825887,1
9981226,1
6616882,4
2157493,1
10275790,1
10873156,3
6930261,3
8473140,1
9059374,1
9774118,1
10225380,1
11244766,1
8967502,6
9540423,4
475601,3
10827913,1
6634215,1
4773073,1
1169558,1
1327543,7
2472934,3
8022492,2
5910781,1
9556750,1
72561,184
6714540,11
7285555,2
3600561,2
7617538,1
4914896,1
4673380,2
9390916,1
3039484,2
3362430,2
2050446,5
1542535,1
8869286,2
103441,1
6914872,4
7562791,1
9115452,2
7607476,1
2517718,4
3932211,1
3169930,1
98752,1
2005932,2
1062709,2
4190034,11
10893965,1
4281015,2
10345585,1
8825176,13
1803414,1
3030708,1
10492960,1
2611551,1
1072906,1
3576875,48
5577926,1
8911251,1
9355645,1
4229824,21
8768116,575
7390206,1
9617077,1
9716572,1
10191469,1
5490300,3
2769016,7
5536624,3
1704216,1
9308601,1
8913844,3
11101791,1
10702920,1
8022816,1
9986825,1
11275618,1
4715004,1
3379414,1
5566423,1
6050604,1
10377067,1
9734969,1
3021474,13
826232,2
11315037,1
10710246,1
8710993,1
1191030,3
8815276,2
11192106,1
9267733,1
8335233,1
9293121,1
7595939,2
9506458,1
9533845,2
1960997,15
8642980,1
4839043,13
11091577,1
3546625,1
189582,2
9131355,1
2123283,1
9484246,1
10096113,1
4273447,3
10651459,1
2029549,1
10951267,1
201811,4
6688720,1
9179263,1
126978,7
7724755,3
4168840,1
10657174,1
6597541,5
3412722,1
4796816,6
7576354,7
7837714,1
8364240,1
1133016,1
3085681,76
7453800,1
8225244,1
5537515,1
6858857,1
9127882,6
9556615,1
1568960,21
540798,32
10159924,1
1365622,4
10172299,1
952935,170
5518741,2
106367,32
10464132,1
8871788,2
10324858,1
2884513,4
637818,4
780936,2
9106803,2
3454753,1
9919937,1
4216602,4
5010186,2
1501648,41
10566102,2
9633934,1
3255015,3
5574541,1
1781103,13
1184669,1
1149082,2
5056889,1
1126889,3
9700498,1
1610746,1
4526211,1
10525765,1
6047068,1
8142282,1
10132707,4
3511821,2
6698062,1
1327958,19
5534130,2
9044749,1
5812474,1
5370213,1
7537348,1
8954371,1
3352189,3
10593698,1
411232,1
9526618,1
5471347,1
9403957,1
10407702,2
943926,2
8311121,1
10203726,1
2185988,6
10990075,1
9707860,1
1974505,1
10348915,1
10796486,1
8710399,1
7430670,3
5777708,2
9047692,16
9866576,1
3953768,4
9466462,3
1778576,7
1198510,64
9463753,4
10356222,1
1063438,2
3322588,134
5485180,6
9436014,2
3408916,1
4686313,5
10608466,1
10858603,2
10895332,1
10367112,2
8966017,2
10633620,1
3519274,1
3886088,1
3208774,1
5325655,1
10155469,2
1973001,1
9117883,5
400199,16
10358653,1
7608565,1
10871022,1
5855855,3
11312364,1
6806151,2
9306261,2
6796270,1
234536,1
8809949,24
8721036,1
1226761,4
1691747,2
4483877,2
8263125,1
2620560,1
10179922,1
10233976,1
3928207,1
9394354,1
2171424,833
10478083,1
5911438,3
1748326,44
2116119,1
10412517,2
8935011,1
6774094,1
4802520,1
1437271,3
5059598,2
529232,1
6418,13
6769919,2
1802938,1
279672,3
4558955,1
9694838,1
3315045,25
203387,40
192362,6
10809076,1
9890498,2
10890995,1
4409509,3
7163631,1
10806826,1
296628,1
1456306,1
11098697,1
10296085,1
6807204,2
1160142,1
9822628,1
7276348,1
9045261,2
82524,76
9016317,1
495401,399
3389611,1
1827328,4
4983665,4
3338626,12
1191607,34
45633,27
2473924,1
1690108,1
2141229,13
1989130,1
2154649,6
6507432,1
5355201,2
6768811,1
4022111,1
128309,6
9684974,1
10384294,1
9528887,1
7257970,2
1674197,1
3910909,1
9139212,6
4180071,7
11011827,1
242456,1
9358390,3
10316460,1
11061129,1
10322526,2
9669962,4
9220400,1
6595877,1
3380467,4
3469919,1
7472151,1
11301122,1
2663031,1
10474483,1
4689374,27
3376499,29
7607179,1
2659126,6
5572264,1
10216371,1
637917,2
10294762,2
5415088,15
10615954,5
4980343,1
638286,58
11074387,1
6776137,2
8563131,2
376502,55
10719698,1
6717411,1
5894762,1
1132837,3
10951212,1
2200962,1
4106253,57
10806312,1
902165,1
9683173,1
738672,3
10287571,1
1097134,4
9317962,1
5410795,1
10160625,1
1701804,4
11040177,1
1558411,3
5614320,6
10203825,3
3455680,1
9607636,2
10935111,2
11159527,1
9409276,2
2813610,2
7277770,3
7735807,1
8702820,1
6707665,468
11090884,1
10680213,3
3389512,2
558195,2
5218276,1
10484905,1
3118189,10
8096879,1
7492726,2
9277471,3
3238933,1
5583316,2
78105,1
98392,42
1371166,28
9381132,1
2715600,2
9881731,1
11225794,1
10993504,1
5388836,1
9944849,1
9093655,1
2471944,1
6834844,11
5591236,1
10748191,2
10336738,1
10837453,1
3240264,2
9583606,1
9022419,1
3893378,1
9511056,1
1564513,4
6531967,1
1060215,4
2716032,1
8922754,11
119570,1
4390429,1
6553882,2
10310385,2
3938297,1
3446635,1
5336699,1
4440595,9
3473725,4
7062192,1
5820493,1
10969871,1
11245305,1
11046865,1
11015823,1
6832963,1
2867378,6
10825221,1
826809,2
1092346,7
6917130,8
10523433,1
11272909,1
2379154,8
10770295,1
6706279,3
7431624,8
7368319,2
10920973,1
3155278,1
3536167,2
4039708,42
9148339,1
1258009,2
1808455,5
8338203,1
5331081,3
3425908,2
8920477,1
8988798,1
10889744,1
5764874,2
9488756,4
10360308,1
10356574,2
3070795,7
9506142,1
4960741,30
6708402,1
2836589,1
10083199,1
8963407,1
9430371,1
10588531,1
621860,26
2682418,1
6939361,1
8301438,2
1234285,2
1641535,1
4583515,1
9053208,1
11223066,1
9124326,1
10440949,1
1705792,2
3191737,1
1419613,2
4065998,3
9279550,1
3348210,2
11142859,1
6773824,6
4942525,1
2647499,3
4916560,1
6518377,1
4865198,2
11047701,1
7610094,1
9914770,3
3299161,1
10714657,1
1961374,5
693852,6
3489601,1
6645394,1
9058249,1
1915834,1
9652906,1
7637275,1
11275519,1
1216726,4
9007795,1
9363510,3
2886133,2
9187804,2
9937441,1
2252956,7
10649353,1
10796585,1
6601798,1
1947929,1
2613784,2
5347237,2
2298983,4
3480196,1
7414533,1
552821,1
528891,74
7393564,1
6922440,1
10196004,1
2288038,4
5755667,1
1901721,3
1723260,6
10937308,1
1294892,2
10551252,1
9300744,2
2661367,8
1779665,3
8818048,33
11214813,2
9303057,3
9037990,14
5959959,1
3367886,2
10930639,1
1025458,5
9379991,1
10687883,1
3460044,1
10212735,1
3223632,2
9451576,1
9302166,1
4667143,3
8908633,9
9696296,1
220261,3
1592332,5
2524170,6
11120312,1
440005,1
7061977,1
11006517,1
11245558,1
4123380,69
4328860,1
9998895,1
8700804,2
846230,1
2080209,1
7518538,1
3150688,2
680171,3
11028784,1
10879547,1
10559876,1
11091720,1
11251443,1
908655,18
4375912,1
1398842,1
6857317,2
3795962,1
11037306,1
9307666,1
1091158,1
3291510,1
5335203,10
10764003,1
2300105,7
8330896,1
1351465,3
1039868,1
1391920,7
9685414,1
10069889,1
10397876,1
2135523,3
5713988,2
9895330,1
3538048,1
9688772,1
4516212,7
5593928,1
7168771,3
3532512,1
7445278,1
2275960,10
10542298,1
9590275,1
985542,2
6535666,3
1776505,1
5477936,5
11189326,1
1772905,7
9170262,1
8610417,1
1651570,3
9230292,1
9181314,1
1869494,8
4154089,12
2075485,1
389364,1
10793010,1
9526005,6
5823562,1
10532659,1
6729346,2
1015990,2
10006194,1
955905,1
10552792,1
2614279,2
6390504,1
3571636,2
444092,152
272255,15
4389313,23
10316938,1
3305541,10
