(9245402,1)
(9221840,2)
(573151,3)
(10123931,1)
(8295101,2)
(7057854,1)
(1270680,3)
(1329937,23)
(9029673,1)
(8536040,1)
(1722783,1)
(9360693,1)
(9104525,1)
(9336537,1)
(10604450,1)
(2472889,1)
(606811,2)
(553928,4)
(3470619,14)
(10207028,1)
(119687,47)
(10538175,1)
(9679861,1)
(10197903,5)
(5945386,1)
(6801975,1)
(11229258,1)
(899510,4)
(1689442,18)
(5838411,4)
(648383,1)
(213844,9)
(11269056,1)
(234832,1)
(7289019,4)
(932422,1110)
(1201721,3)
(4579744,1)
(10851375,1)
(7955839,1)
(1617964,1)
(9964288,1)
(5768220,2)
(4487575,2)
(4481841,1)
(10437401,1)
(2023616,1)
(3158959,8)
(4243683,2)
(7418448,1)
(6779953,2)
(10023680,4)
(11309132,1)
(7525016,1)
(413068,7)
(10178238,1)
(5556739,2)
(11281494,1)
(3296514,169)
(3335295,6)
(1546486,1)
(2146313,1)
(2345259,1)
(1123926,1)
(3469558,1)
(7680168,1)
(8630829,1)
(1335525,3)
(7603677,1)
(1506138,96)
(705000,2)
(6836779,1)
(5769463,3)
(7070020,7)
(8593399,1)
(8717111,2)
(10443503,1)
(1661631,2)
(10872426,1)
(9070686,1)
(3930285,1)
(7032455,1)
(3575884,1)
(401845,7)
(2947512,1)
(691123,4)
(8392275,1)
(10654563,2)
(9728253,1)
(10400636,1)
(7831025,1)
(1147524,8)
(8879581,1)
(8434999,4)
(2071136,16)
(4677493,3)
(9403398,1)
(10806050,2)
(10869682,1)
(1776757,1)
(1526389,42)
(9443204,1)
(7040834,1)
(3265626,1)
(4182861,10)
(9986464,3)
(4197351,2)
(10793127,1)
(1864452,12)
(479651,4)
(9053199,1)
(445045,362)
(591485,5)
(667553,1)
(1377556,3)
(1130595,38)
(9991279,1)
(1356414,8)
(4764739,2)
(7756236,1)
(9842526,6)
(10970238,1)
(10101458,1)
(10680014,1)
(6373610,2)
(1517820,4)
(10607673,1)
(5945287,7)
(10094231,1)
(3188406,1)
(903217,44)
(10238961,2)
(4513241,1)
(5420559,1)
(3051632,1)
(211053,2)
(1177422,3)
(5810402,1)
(4381202,14)
(3164583,2)
(10678675,1)
(10237638,2)
(7270514,1)
(3383373,1)
(704678,2)
(8352774,1)
(9340208,2)
(297202,7)
(5894860,1)
(5573154,2)
(9368316,2)
(8864794,1)
(2601551,1)
(498362,1)
(10439373,1)
(175586,2)
(779621,1)
(2184708,1)
(9593406,1)
(3990009,1)
(9926550,1)
(10270000,1)
(4043513,1)
(9104165,1)
(10339031,1)
(1238497,1)
(974912,4)
(9055935,1)
(7586118,1)
(9288621,1)
(6890184,1)
(11279316,1)
(9714302,2)
(10740206,2)
(1522338,36)
(10433801,1)
(7284979,2)
(1159341,3)
(3276390,2)
(8335070,1)
(11108261,1)
(11292708,1)
(1845282,41)
(8444943,1)
(5808090,1)
(10980570,1)
(6912297,2)
(738220,1)
(9705997,1)
(5047860,5)
(4597212,2)
(10919875,1)
(9655416,2)
(6417297,1)
(9759556,1)
(10230752,1)
(1288041,60)
(9342620,1)
(2677594,9)
(1940844,1)
(2321084,2)
(10815023,1)
(4107954,1)
(6194604,1)
(8369046,1)
(10510724,1)
(2276418,1)
(5815047,1)
(10633674,1)
(8569224,1)
(9712160,1)
(9653139,5)
(9341685,1)
(10115750,2)
(10843851,1)
(10909029,1)
(6705071,1)
(7132841,6)
(7230716,1)
(7228214,1)
(2729910,1)
(345866,31)
(461498,2)
(9027341,14)
(4319102,1)
(9294660,1)
(432238,1)
(153454,1)
(10983243,1)
(9008982,2)
(8412416,1)
(10975026,1)
(9117945,1)
(11236188,1)
(10735905,1)
(9442962,2)
(133041,54)
(10017858,1)
(9992566,3)
(9224315,2)
(11034173,1)
(6860088,1)
(10912395,2)
(9472464,1)
(10297489,1)
(11223326,1)
(1819443,2)
(9936315,1)
(5952063,1)
(5914641,1)
(9995734,1)
(3276714,16)
(10734555,1)
(426749,4)
(36128,16)
(10550973,1)
(10563249,1)
(8463951,1)
(2398521,1)
(2131625,33)
(9212138,1)
(9304280,1)
(8736336,1)
(5517002,4)
(10281756,1)
(630689,11)
(727547,4)
(6859387,1)
(8775900,2)
(8935579,1)
(2538444,2)
(1177873,4)
(10061129,1)
(1347199,3)
(4232991,5)
(5502710,1)
(5877120,1)
(11166258,1)
(663502,5)
(702643,13)
(2282240,8)
(2647902,5)
(1790265,1)
(8889184,3)
(4721853,2)
(7567957,1)
(533155,5)
(8788168,1)
(4529172,4)
(5386198,1)
(10823006,1)
(4501262,3)
(4178956,9)
(8312778,1)
(7366374,1)
(10021114,1)
(9076329,2)
(2458768,26)
(6184344,1)
(10246188,7)
(10325333,1)
(9854442,2)
(8324900,1)
(3393471,2)
(9630468,1)
(4526562,1)
(10790391,1)
(6548436,1)
(290173,7)
(5789164,1)
(6574239,1)
(5848979,1)
(9313929,2)
(7228926,2)
(5980297,1)
(447278,20)
(920759,1)
(8289351,1)
(3237285,3)
(10310681,1)
(8987554,20)
(8829072,1)
(9704097,1)
(248909,7)
(8957098,1)
(4237644,1)
(8943147,1)
(780061,2)
(9545724,1)
(10324343,1)
(9489187,1)
(3124631,2)
(10092666,1)
(5483163,1)
(10283989,2)
(4122551,4)
(10813304,1)
(9398214,1)
(10003880,1)
(6744951,2)
(10085277,1)
(2278137,1)
(6806664,4)
(3464292,1)
(9215603,5)
(3161063,2)
(5391750,4)
(10816761,1)
(9693135,2)
(8968249,1)
(9242531,3)
(2496432,1)
(9817452,2)
(5479654,40)
(5956438,1)
(9126855,1)
(9436860,1)
(7551314,1)
(5391057,1)
(5471643,1)
(10489288,1)
(3113642,2)
(11261658,1)
(10566101,2)
(3133901,1)
(1159701,1)
(8411165,2)
(10952418,1)
(5960596,4)
(1311611,1)
(11118837,1)
(4837062,1)
(11278876,1)
(11180162,1)
(6880798,2)
(5000348,3)
(2346708,41)
(1367601,10)
(9728019,1)
(8597241,1)
(8615916,1)
(4990495,1)
(1464973,4)
(10787773,1)
(8345682,1)
(8574787,2)
(1522932,5)
(8223128,1)
(1495429,1)
(951999,12)
(4893475,4)
(8820530,1)
(4843821,2)
(8549839,1)
(2279479,1)
(4217844,1)
(10197705,1)
(6803397,6)
(5741157,1)
(9072963,1)
(9602883,1)
(8847469,11)
(11022969,1)
(3286218,2)
(9309645,3)
(2267995,1)
(2064954,1)
(9897012,1)
(8530127,1)
(7087554,1)
(10423497,1)
(2326430,22)
(9124479,1)
(5112812,1)
(10668324,1)
(10119567,1)
(9197082,1)
(742298,1)
(4206693,2)
(681539,16)
(9491670,1)
(5064104,2)
(58557,12)
(4702908,5)
(13394,5)
(4531179,1)
(1972029,2)
(9525366,1)
(4073466,1)
(1025295,3)
(8107884,3)
(9557299,2)
(9496774,1)
(10085970,1)
(341004,31)
(10379604,1)
(420493,11)
(10868656,1)
(1306356,2)
(8864145,1)
(9838918,2)
(746690,5)
(1048227,26)
(216517,24)
(1148550,60)
(10406018,1)
(8833491,2)
(1309362,3)
(7171965,1)
(2967510,5)
(9812664,1)
(10069932,1)
(3304866,694)
(9007659,28)
(10404632,2)
(936338,1)
(2807760,47)
(4329868,1)
(10710380,1)
(10764868,1)
(2661528,29)
(2840916,1)
(10190324,1)
(11074809,1)
(11217323,1)
(7303391,7)
(9022869,1)
(1476105,1)
(4440008,1)
(1870202,26)
(6533748,22)
(7803594,1)
(1173921,1)
(10778313,1)
(2260776,4)
(10770302,1)
(8959573,1)
(5767447,4)
(29388,1)
(10135,5)
(2366445,1)
(6799654,1)
(10940637,1)
(10898095,1)
(11261793,1)
(6310547,1)
(218687,48)
(4011275,4)
(8831934,1)
(6629814,1)
(2847874,1)
(81272,2)
(9872325,1)
(3296550,6)
(265739,4)
(33103,747)
(5250224,4)
(4527200,4)
(7476462,1)
(597579,1)
(7284627,1)
(9820584,1)
(1700552,4)
(5731158,1)
(10378713,1)
(7754652,1)
(9326970,2)
(9002140,3)
(4980045,1)
(3972379,1)
(3590346,1)
(1018725,8)
(9297270,1)
(9282230,1)
(9460809,1)
(1713422,4)
(312330,1)
(7419221,1)
(11221148,1)
(9081279,1)
(6608268,4)
(4852137,8)
(4184797,4)
(3871740,1)
(4949248,10)
(1523977,9)
(1744211,29)
(146362,2)
(9389197,2)
(9378450,1)
(10365898,1)
(9573048,1)
(8464905,1)
(5603646,1)
(174758,27)
(3212796,1)
(10690563,2)
(8766946,3)
(2312831,18)
(3273285,1)
(10001512,1)
(383981,3)
(6504010,1)
(2087229,6)
(11003348,1)
(10236846,1)
(10350083,1)
(3932922,23)
(6791841,2)
(3992160,2)
(6536196,1)
(11069436,1)
(7055775,1)
(10463006,1)
(8650115,1)
(9721287,2)
(8811936,15)
(8770716,15)
(10468245,2)
(2207432,2)
(7214552,6)
(4711601,1)
(10631991,2)
(10743979,2)
(9011627,4)
(2620226,12)
(9696358,1)
(9024786,1)
(9362439,1)
(10287930,1)
(2165574,1)
(5885419,4)
(4996435,1)
(10920972,1)
(10856226,1)
(9078642,1)
(2809209,4)
(11121617,1)
(5960505,1)
(3848115,1)
(11244251,1)
(9589636,1)
(9303100,4)
(4360926,1)
(10676343,1)
(9576315,2)
(7936812,1)
(9671355,1)
(2157159,1)
(8978383,3)
(1377402,15)
(4232658,3)
(9811737,2)
(9822429,1)
(9631395,1)
(8771841,7)
(8998499,3)
(7377462,2)
(4175733,1)
(7484580,1)
(8769042,1)
(898520,3)
(1665286,1)
(1417731,1)
(8290764,1)
(3459144,1)
(5127041,3)
(1302558,10)
(8818858,1)
(6582500,1)
(10997400,1)
(41438,217)
(3897634,4)
(551632,51)
(1747984,13)
(923116,10)
(9016550,1)
(10456365,1)
(253543,9)
(3310003,3)
(4186065,3)
(10000522,1)
(8596927,1)
(9560934,1)
(10385049,1)
(5492136,1)
(11126009,1)
(9521153,1)
(9826227,1)
(1010813,7)
(10314443,1)
(9859483,2)
(436531,41)
(128506,3)
(3467578,2)
(6532695,2)
(2273088,1)
(10077717,2)
(3569386,9)
(2171973,3)
(4676926,5)
(1689343,13)
(10320130,1)
(5582523,3)
(10313255,1)
(10809534,1)
(8709507,1)
(7286896,4)
(8552196,1)
(2995997,3)
(9537381,4)
(6776334,2)
(2759610,1)
(1665781,1)
(2687818,32)
(10012259,1)
(6622073,1)
(1482658,4)
(9464797,5)
(4486945,1)
(9728811,1)
(9922040,1)
(9405125,1)
(10040672,2)
(8841672,3)
(10664328,1)
(10679115,1)
(11106344,1)
(9200654,1)
(5496088,2)
(1796494,2)
(9209592,3)
(5895003,1)
(2356644,1)
(3213489,8)
(2523099,1)
(9900936,1)
(10813791,2)
(3429642,51)
(8392734,3)
(10589223,1)
(3379828,1)
(4489717,1)
(11271657,1)
(2122355,1)
(9585162,1)
(778532,3)
(5361302,3)
(4499653,3)
(2879103,24)
(8979689,5)
(9136197,1)
(10386688,1)
(11256645,1)
(9833418,1)
(2111960,17)
(1749829,1)
(9088641,6)
(1753077,6)
(8840286,1)
(3408140,4)
(9244962,6)
(10074288,1)
(4544904,1)
(9297946,1)
(10843059,2)
(3389610,31)
(282000,3)
(10465338,1)
(10028784,1)
(2311247,4)
(9094941,2)
(1723520,73)
(9311075,3)
(7613324,1)
(9192357,2)
(10227026,1)
(1221161,2)
(10192241,1)
(10534124,1)
(10222337,2)
(10423442,1)
(7760303,1)
(5577529,1)
(10523270,1)
(8620000,2)
(9199062,1)
(1444425,7)
(11077202,1)
(10371134,1)
(8345583,1)
(6787576,1)
(2493778,1)
(11201645,1)
(1443237,20)
(1196845,1)
(2839495,29)
(8547994,1)
(160087,7)
(2840141,2)
(9395857,2)
(4779328,3)
(9727678,1)
(81335,1)
(1859197,6)
(5060892,1)
(1764921,8)
(1193361,3)
(6559623,4)
(4978813,1)
(10898202,1)
(6507909,1)
(2238078,6)
(1322358,15)
(2089902,28)
(9033957,1)
(2420804,7)
(40844,2)
(9922914,2)
(10583030,1)
(10184835,1)
(10892127,1)
(10839784,1)
(713687,1)
(7146080,2)
(6513272,1)
(4994356,2)
(600673,1)
(5868012,1)
(10382079,1)
(3148446,1)
(2159238,14)
(6891831,2)
(5474000,12)
(11241407,1)
(9251559,2)
(8589835,1)
(7280964,1)
(8395407,2)
(425704,5)
(11064387,1)
(1679443,1)
(4452870,1)
(8967493,6)
(8957340,1)
(2464716,1)
(8556390,4)
(10750692,1)
(2121662,4)
(4474551,4)
(2418096,20)
(3187100,1)
(2028143,1)
(9527148,1)
(9196317,1)
(2889300,1)
(3580644,7)
(2064657,27)
(1978519,1)
(4175788,8)
(1458376,13)
(2050643,18)
(1381975,1)
(7431777,1)
(925880,1)
(4189747,24)
(4392084,1)
(10382420,3)
(4987110,1)
(2247285,13)
(1039317,109)
(1938702,2)
(10652088,1)
(9623277,1)
(10427196,1)
(7325685,5)
(2038890,1)
(3810404,4)
(7565229,1)
(2274122,1)
(9434385,2)
(10205282,1)
(2560845,1)
(9690723,1)
(10999174,1)
(1791912,2)
(2028440,41)
(8275554,1)
(10906040,1)
(9527580,7)
(11090982,1)
(1715358,2)
(9227970,1)
(5908341,2)
(9454996,1)
(9604610,1)
(1627017,1)
(885092,1)
(5221514,1)
(9747478,1)
(1831845,9)
(10174421,3)
(3918397,2)
(8755281,1)
(9762688,1)
(8990334,15)
(9931013,1)
(8670528,1)
(2201951,2)
(9375994,1)
(1050927,2)
(8959276,1)
(9209457,1)
(4278784,1)
(9509977,1)
(9550061,1)
(2845902,1)
(2467579,22)
(10856262,1)
(3580680,1)
(9984880,1)
(10370199,2)
(11049122,1)
(10663077,1)
(9168237,3)
(8309781,1)
(3267994,1)
(4939131,2)
(742496,1)
(3315918,2)
(3220922,3)
(10916391,1)
(7298622,1)
(9622845,1)
(3775927,1)
(10163270,1)
(10024337,1)
(10213067,1)
(5569348,4)
(7125812,3)
(11278939,1)
(8856838,1)
(5388673,2)
(3474093,4)
(9478080,1)
(961484,1)
(1023224,25)
(3103085,2)
(10599222,1)
(1006188,1)
(10971525,1)
(10727779,1)
(6631640,10)
(6977692,1)
(1814394,1)
(158440,17)
(10244450,2)
(2042327,1)
(11042750,3)
(6215345,1)
(7472411,3)
(11285418,1)
(714028,3)
(9864658,1)
(5804968,14)
(5585746,4)
(431905,1)
(10803701,1)
(7502507,1)
(1555855,2)
(5912823,1)
(2973351,1)
(3286155,1)
(10550522,1)
(8921862,1)
(10811522,1)
(9007307,3)
(7451937,2)
(6019545,3)
(7456464,1)
(10719598,2)
(2358561,8)
(10599835,1)
(10552854,1)
(10746930,1)
(1061493,1)
(8454032,1)
(904900,1)
(11077554,1)
(10118621,1)
(3258570,1)
(4530684,8)
(6699763,2)
(8032201,1)
(11001016,1)
(10796232,1)
(985893,41)
(1532120,8)
(6784317,2)
(9446067,2)
(10566552,1)
(1055355,6)
(3251711,4)
(2430047,1)
(4450359,16)
(6590060,6)
(4193319,55)
(5363021,2)
(6774769,1)
(8794314,63)
(10589061,3)
(4573867,2)
(2558244,1)
(10827552,1)
(9379701,1)
(7151813,1)
(9808696,1)
(2490096,2)
(256612,25)
(2308827,8)
(9369180,1)
(2143695,1)
(8913906,1)
(9086364,4)
(3412974,3)
(3234972,2)
(6817455,1)
(9916867,1)
(5252691,1)
(10409871,1)
(6813990,3)
(9621819,1)
(236966,2)
(997377,25)
(3510489,1)
(10018433,1)
(9554788,1)
(11091224,1)
(8895781,6)
(1102839,2)
(9442412,1)
(10181315,1)
(4066572,1)
(9555561,1)
(5359215,1)
(6785802,3)
(10032103,1)
(1245075,2)
(3256969,1)
(1732485,1)
(1316003,1)
(4383237,163)
(3474390,5)
(957560,1)
(10800272,1)
(11209692,1)
(4833624,1)
(8816977,2)
(8587558,3)
(8330543,1)
