(6608591,1)
(1562874,59)
(9612638,1)
(5862161,3)
(9322865,1)
(9158525,1)
(229567,6)
(77159,1)
(8845424,4)
(2973819,3)
(8644355,1)
(10479260,1)
(10530118,1)
(6722152,4)
(393835,2)
(1821025,2)
(6749531,5)
(1363370,1)
(6515954,1)
(763735,7)
(8808984,2)
(8455012,1)
(9963981,2)
(7330886,1)
(8618552,3)
(1655,51)
(112755,6)
(9717867,1)
(5732435,17)
(10784496,1)
(7535401,1)
(11161199,1)
(2415025,3)
(10483841,1)
(2068247,1)
(3223261,2)
(9993186,1)
(5506751,2)
(10499934,1)
(9926856,1)
(11130201,1)
(11172070,1)
(6593930,1)
(2204812,25)
(2368253,1)
(1802567,2)
(1596075,2)
(7746065,1)
(597154,1)
(4082979,1)
(9385073,3)
(11123425,1)
(5561426,2)
(7642934,1)
(3416960,1)
(3097118,46)
(6518168,1)
(11007271,2)
(1128506,1)
(8275382,1)
(10050562,1)
(2904374,4)
(1536675,2)
(5484701,1)
(2167085,28)
(627899,10)
(10317917,2)
(6640009,2)
(2758863,9)
(71975,11)
(6508510,1)
(9328797,3)
(5379591,17)
(2194076,1)
(9571157,1)
(9648017,1)
(7403632,1)
(7934723,1)
(9186443,3)
(3438399,377)
(8684216,2)
(11023732,1)
(5551210,1)
(8037034,1)
(4810907,1)
(8364446,1)
(803550,1)
(9922797,6)
(716089,34)
(2205695,1)
(1669849,2)
(4155365,2)
(8974421,4)
(593491,1)
(869404,2)
(9025054,1)
(9827397,1)
(1232915,18)
(4572218,1)
(9581156,1)
(8922284,2)
(4745441,7)
(9617462,1)
(6804935,1)
(3099783,1)
(9012797,3)
(10532332,1)
(9985167,1)
(11272439,1)
(1694643,1)
(6571457,7)
(7095365,9)
(10073486,1)
(2118476,2)
(11005219,2)
(3102698,1)
(6005026,1)
(9744957,1)
(7448589,1)
(3210391,4)
(2136098,3)
(9389385,1)
(3823157,2)
(1420097,5)
(4134575,1)
(11046395,1)
(5880800,2)
(527359,1)
(5398428,1)
(8783964,1)
(40122,8)
(7677026,6)
(10377056,1)
(4655315,1)
(10610281,1)
(11137277,1)
(102756,16)
(9113975,1)
(2433755,1)
(9780704,1)
(9896779,1)
(11184068,1)
(8551817,1)
(8805211,1)
(11224955,1)
(9971667,1)
(8466515,4)
(401079,8)
(9007036,2)
(1967556,25)
(8936991,1)
(10734581,1)
(8972441,2)
(2824896,2)
(2628065,3)
(115978,1)
(7041553,1)
(10849836,1)
(7416403,1)
(7252360,1)
(7430461,1)
(2141713,3)
(9174563,1)
(157143,4)
(2180477,1)
(8927685,1)
(2328103,7)
(8675144,1)
(4142242,5)
(8689617,2)
(9239507,1)
(9533276,1)
(8705078,2)
(5595672,1)
(7954721,1)
(5411323,2)
(2839584,1)
(1917344,24)
(9318905,3)
(10992305,1)
(1486509,3)
(9064123,3)
(1659075,2)
(2096110,4)
(407253,4)
(10428635,1)
(6719688,2)
(11089163,1)
(8406656,1)
(4664324,1)
(3581660,1)
(1268844,1)
(7227511,1)
(8959978,1)
(2833003,1)
(4507247,3)
(10971317,1)
(3013840,1)
(901623,25)
(2661004,2)
(10645599,3)
(1045184,54)
(2674262,6)
(6706411,1)
(439384,8)
(7726463,1)
(11259605,1)
(788026,3)
(1382496,5)
(4844180,2)
(7788591,1)
(7583633,1)
(9848998,1)
(11216477,1)
(2655056,6)
(2369108,33)
(11071829,1)
(1237145,91)
(9866411,2)
(225101,2)
(1653819,4)
(10199054,1)
(973354,15)
(586976,1)
(903955,7)
(457762,5)
(10763417,1)
(5533805,1)
(1831970,11)
(1189086,3)
(8960525,1)
(5766032,2)
(3365796,5)
(256855,41)
(3971739,1)
(227073,79)
(3101518,1)
(5434896,10)
(9180764,1)
(10093844,1)
(4152458,3)
(11289891,1)
(2345799,1)
(10065368,1)
(11118764,1)
(10665597,1)
(64784,16)
(9282888,1)
(7383202,1)
(9410560,1)
(11221336,1)
(3179739,3)
(1643306,4)
(996872,8)
(11018378,1)
(2824607,6)
(7061092,3)
(2978904,1)
(238026,4)
(10621586,1)
(6827598,2)
(1784810,2)
(4994085,5)
(10673679,1)
(4158434,1)
(9261430,1)
(9262574,1)
(3387873,19)
(1515731,49)
(1344461,4)
(10182782,1)
(355891,2)
(10794800,1)
(7294913,2)
(6542,18)
(440030,2)
(1848954,13)
(6511309,1)
(4155761,12)
(984280,2)
(977765,34)
(2459883,1)
(10852003,1)
(9812041,1)
(5895408,1)
(5993553,4)
(5894814,1)
(4604366,2)
(7889337,1)
(8258093,6)
(9198125,1)
(11244890,1)
(419070,21)
(11088489,1)
(9127989,2)
(9313207,1)
(8999776,1)
(9642833,8)
(1913285,1)
(10029368,1)
(4215818,20)
(10169318,1)
(7365572,1)
(11004562,1)
(638734,2)
(3838755,1)
(1105420,2)
(5398068,33)
(5478041,1)
(3569079,1)
(2531729,3)
(4038608,5)
(4557242,3)
(10715474,1)
(5716730,3)
(3210850,3)
(5555379,1)
(1696975,2)
(1388175,3)
(1802864,1)
(10076591,1)
(5672955,1)
(9982854,1)
(3186911,5)
(10968474,1)
(9626020,1)
(1303123,7)
(1762274,2)
(9395847,1)
(4580174,1)
(9703240,1)
(7324946,1)
(10618300,1)
(631092,5)
(9121507,2)
(1333238,8)
(9317041,1)
(9495774,2)
(3417815,4)
(4574432,1)
(7065151,1)
(7128827,2)
(4838718,1)
(9436003,2)
(1056371,10)
(2254664,3)
(2302877,4)
(10035451,2)
(4475289,1)
(132302,3)
(1899642,1)
(3296694,1)
(11124550,1)
(10765136,1)
(5802860,1)
(6525304,3)
(480559,112)
(5359043,1)
(10961967,2)
(975433,14)
(79788,2)
(1006420,3)
(4946862,2)
(2635058,1)
(6753257,4)
(4186910,15)
(10397018,1)
(1858142,1)
(8269145,1)
(9989938,1)
(7319375,1)
(3650429,1)
(3335681,25)
(10498430,1)
(2674820,2)
(4860542,1)
(1047029,1)
(9437147,1)
(10143361,1)
(4711844,4)
(11091629,1)
(4160026,11)
(1918433,2)
(2638028,5)
(10746128,1)
(10399034,1)
(1652054,1)
(5445371,1)
(1525136,19)
(10436500,1)
(6517222,1)
(2065376,4)
(2986112,1)
(1741583,1)
(7032904,6)
(10000963,1)
(6935750,1)
(2314441,3)
(9237464,2)
(10947530,1)
(9798002,1)
(8913536,14)
(4828656,1)
(3170521,1)
(3921626,2)
(10519715,3)
(5577690,1)
(5830959,1)
(4037492,6)
(10544564,1)
(11148266,1)
(7072306,2)
(2279928,1)
(296590,66)
(9773964,1)
(8937585,1)
(5053295,1)
(3292481,3)
(2650367,127)
(3134260,2)
(9110095,1)
(8934362,11)
(4553598,1)
(8380781,1)
(4270727,3)
(10214407,1)
(1501123,35)
(9768357,1)
(8853894,1)
(9713393,2)
(10515043,1)
(7839521,1)
(11032859,1)
(2803358,2)
(9905390,1)
(11113561,1)
(10845623,1)
(7107721,1)
(1064390,20)
(10602578,1)
(10586757,2)
(9440972,2)
(7735076,3)
(6642061,13)
(9876050,1)
(3315980,1)
(1133690,22)
(5512105,7)
(2614114,2)
(10812197,1)
(953040,35)
(11012545,1)
(7066718,3)
(6549966,3)
(7514611,3)
(1455503,50)
(3479132,1)
(1095396,5)
(2838008,2)
(4375596,1)
(3141550,2)
(10442918,1)
(3379241,3)
(10893008,1)
(5563398,1)
(2882874,8)
(9255086,1)
(11119006,1)
(3293273,1)
(4227734,1)
(8369289,1)
(6694415,2)
(8252062,2)
(7500292,1)
(10431415,1)
(2657135,8)
(2114623,10)
(5058759,1)
(10859277,1)
(5479608,59)
(3365381,40)
(9022903,4)
(5973005,1)
(10108829,2)
(10997841,1)
(8800937,1)
(375592,43)
(11059977,1)
(10734996,1)
(9809324,1)
(9992006,2)
(670837,22)
(9420820,1)
(277285,2)
(9553373,1)
(11183023,1)
(841981,1)
(3573641,1)
(2112030,7)
(9398754,1)
(10352053,1)
(5504834,3)
(9850986,2)
(4219850,1)
(10304731,1)
(952050,18)
(9768294,1)
(10139041,2)
(3922869,1)
(2397161,1)
(2672147,68)
(7394408,5)
(10430425,1)
(10419013,2)
(8400724,1)
(7449065,1)
(11082458,1)
(9697932,2)
(579433,3)
(5756907,1)
(2059274,39)
(9588834,2)
(11002447,1)
(11053289,1)
(5784726,3)
(8155655,1)
(5354,94)
(345694,1)
(1643856,13)
(605811,1)
(1560506,1)
(8959563,13)
(9072296,3)
(10629803,1)
(11174311,1)
(8246735,3)
(10821511,1)
(10378703,1)
(9727316,1)
(9528029,1)
(11201572,1)
(7537535,1)
(4890008,1)
(3380492,1)
(10686189,2)
(5274560,1)
(267132,8)
(11153639,1)
(590034,1)
(10541756,1)
(8400364,2)
(8751734,1)
(6834338,1)
(10003537,1)
(10793018,2)
(3271817,74)
(5455073,2)
(1802350,1)
(2053694,1)
(3265193,1)
(10603513,1)
(1762238,3)
(9529569,1)
(10591157,1)
(2962055,1)
(9973070,1)
(6936957,2)
(10214605,1)
(4974645,3)
(1239675,5)
(8367119,1)
(11254691,1)
(2052866,5)
(4215656,1)
(1055183,28)
(3309798,3)
(9658214,1)
(34886,24)
(10133975,1)
(8941292,1)
(7472195,2)
(2745902,1)
(633649,1)
(10344584,1)
(10218791,2)
(7381123,1)
(5925260,1)
(5554172,6)
(5514374,5)
(5482460,1)
(4716038,2)
(10420462,1)
(4216033,13)
(465286,2)
(9170369,1)
(9016595,1)
(2676954,1)
(10509518,1)
(1531436,3)
(5733362,1)
(3475334,1)
(4083554,1)
(7426501,1)
(10376228,2)
(8631548,1)
(8550368,1)
(10775630,2)
(6900929,2)
(10855578,1)
(289877,13)
(9591416,17)
(215517,1)
(9325835,1)
(1615875,1)
(3204811,14)
(10283861,1)
(1746074,4)
(4574883,1)
(10728704,1)
(4193282,27)
(7082099,1)
(4849086,10)
(3262033,2)
(838291,1)
(8445464,1)
(878116,2)
(9901240,1)
(901560,3)
(1916390,1)
(10878645,1)
(4516157,1)
(10173061,1)
(1948449,1)
(9423485,1)
(6539255,11)
(10483346,1)
(9857295,1)
(1383530,3)
(3944531,2)
(2618921,79)
(1780319,6)
(1421582,1)
(951475,31)
(1630021,24)
(9557685,1)
(5419271,1)
(9130868,1)
(5060783,1)
(10766522,1)
(9716110,1)
(7576604,2)
(10325837,1)
(9567189,1)
(2029574,3)
(404508,1)
(2950689,1)
(11239346,1)
(9035116,1)
(1848602,106)
(9438885,1)
(7511443,1)
(288139,33)
(655564,90)
(1044914,6)
(211953,6)
(8897553,2)
(11179866,1)
(127542,1)
(507757,75)
(2245691,2)
(6785649,7)
(10450126,1)
(10888185,1)
(10969112,1)
(3323512,1)
(8873144,4)
(9333917,1)
(2899308,1)
(8536030,3)
(6589151,1)
(10915517,1)
(10285184,1)
(10563635,1)
(2692802,1)
(3025478,6)
(2964189,1)
(8856611,1)
(10708508,1)
(1667850,1)
(5405636,17)
(4430332,1)
(10320634,2)
(11126909,1)
(4885806,1)
(2460089,11)
(2336988,3)
(8984439,1)
(9565217,2)
(1907859,3)
(3059589,1)
(4045538,2)
(4845233,1)
(3549062,2)
(3605104,2)
(5800330,2)
(10640855,1)
(6029138,1)
(5890304,1)
(594805,18)
(9753614,1)
(4157480,1)
(4641095,1)
(4718829,1)
(2635193,1)
(9569565,1)
(6928361,1)
(8763911,8)
(6717851,1)
(2035126,13)
(3275516,1)
(671115,5)
(2124820,82)
(1419701,17)
(10112635,2)
(5536965,1)
(4219102,1)
(4892079,1)
(9933830,2)
(10348445,1)
(7033237,1)
(11060227,1)
(9093581,1)
(10601236,1)
(2491373,8)
(10929512,1)
(4230253,3)
(7950860,2)
(11299502,1)
(2254727,3)
(6522785,6)
(6769782,3)
(963157,3)
(2786808,1)
(1486086,1)
(2184770,5)
(9043072,4)
(2177903,1)
(1141934,6)
(9165653,1)
(3561761,1)
(11251531,1)
(9901196,1)
(4804409,8)
(9496115,6)
(2884403,49)
(7405612,2)
(1006970,5)
(8990162,6)
(1293819,8)
(3998802,3)
(9478430,2)
(365205,4)
(2366039,2)
(1493,88)
(5900771,1)
(4839807,1)
(10381574,1)
(8542132,1)
(6921494,1)
(10948179,1)
(3256797,434)
(8834886,8)
(10468235,1)
(5946069,4)
(1685373,4)
(8882450,2)
(3257435,1)
(9513737,1)
(1605461,1)
(1491198,4)
(5751281,1)
(1224473,1)
(8785232,1)
(8681859,1)
(9733157,1)
(3492164,2)
(7148861,1)
(1332185,12)
(10727868,1)
(1046633,5)
(4929870,1)
(2933796,5)
(1189383,3)
(8376128,1)
(7500157,1)
(212385,9)
(9216179,1)
(7510101,1)
(174072,9)
(3205919,1)
(8566604,2)
(11300536,1)
(11303542,1)
(9577070,1)
(4180475,3)
(9395171,1)
(10670357,1)
(7045315,2)
(3463058,1)
(11045567,1)
(935473,1)
(3048707,2)
(404409,24)
(5386188,2)
(1746984,30)
(10155340,1)
(5359854,5)
(10519355,1)
(10809128,1)
(10815167,1)
(10952606,1)
(10950662,1)
(8631485,1)
(10624204,1)
(10269506,1)
(10635086,1)
(563502,18)
(4865547,2)
(3493767,1)
(6902387,4)
(3172916,8)
(7496964,2)
(810903,11)
(4448207,1)
(9613529,1)
(80074,1018)
(1654845,4)
(2005426,2)
(6817049,4)
(5700304,2)
(1791696,2)
(4525265,1)
(1353371,73)
(6572546,1)
(8936595,1)
(3456362,4)
(991174,5)
(5416463,2)
(3563796,7)
(4807118,1)
(9525815,1)
(1392954,1)
(5359593,6)
(8307403,1)
(10017848,1)
(3361088,1)
(7108090,3)
(1006439,131)
(605569,3)
(9045214,1)
(8774504,1)
(2028188,2)
(7940528,2)
(1703468,5)
(10569152,1)
(5949435,1)
(11054125,2)
(11094338,1)
(1729794,2)
(6720334,1)
(582664,1)
(238620,4)
(2142659,1)
(9863108,1)
(7070326,2)
(11153873,1)
(4231900,2)
(9131083,1)
(9426202,6)
(8313956,1)
(8764596,1)
(4127799,59)
(9104867,1)
(2488043,2)
(7290494,1)
(2976050,1)
(10833248,1)
(9595214,1)
(7891523,1)
(11013733,1)
(5831039,4)
(1609124,1)
(5494395,2)
(6803530,4)
(24733,6)
(9222163,1)
(11018639,1)
(10152235,1)
(8334287,2)
(2366273,1)
(8425312,1)
(229611,10)
(7052795,5)
(11218853,1)
(7153126,1)
(6527438,14)
(5968759,1)
(4818305,4)
(10509914,1)
(4950173,1)
(9166445,1)
(1454252,1)
(1068116,1)
(5034070,1)
(8870787,1)
(1654133,1)
(5479680,2)
(10250803,3)
(10538363,1)
(92765,154)
(8598537,3)
(1361002,1)
(9802691,1)
(4183481,3)
(3581264,1)
(3805139,1)
(8996913,1)
(5803193,3)
(5385107,3)
(7523837,1)
(1311719,2)
(9054223,2)
(9479060,2)
(6905555,2)
(10679600,1)
(8960660,12)
(1094513,1)
(4818855,1)
(9421153,2)
(455485,13)
(9165293,1)
(2562257,1)
(9140416,1)
(2798364,2)
(9854531,1)
(9718893,5)
(4568088,1)
(10155593,1)
(11085310,2)
(7045865,1)
(449031,1)
(10187372,1)
(2828144,1)
(9694764,1)
(10511281,1)
(11228195,1)
(9202877,1)
(698071,2)
(9678924,1)
(9143260,2)
(6825464,7)
(7045469,4)
(2156500,2)
(9732464,1)
(9761886,1)
(4676457,6)
(952014,3)
(4957518,14)
(2140129,3)
(10669719,1)
(621813,10)
(10840673,2)
(1847711,131)
(10191557,2)
(10388199,2)
(8564679,1)
(9343141,2)
(7282673,1)
(11240308,1)
(2236448,17)
(1040954,1)
(10487045,1)
(9520018,2)
(1154598,3)
(157008,1)
(2764415,2)
(9459675,1)
(3653174,3)
(2180161,1)
(11245943,1)
(2341036,2)
(1000246,6)
(4333510,1)
(10004860,1)
(10153126,1)
(3459189,1)
(8600506,1)
(6691085,36)
(1667256,10)
(298886,28)
