(211279,1)
(1140314,16)
(10999804,1)
(10988653,1)
(830722,6)
(4627452,7)
(5440467,1)
(5984329,2)
(10349391,1)
(8572563,4)
(5913363,2)
(1172959,1)
(818276,2)
(2420552,1)
(9515574,1)
(8873226,1)
(901444,2)
(6859756,2)
(11095284,1)
(4731762,1)
(10877520,1)
(11075682,1)
(2365761,1)
(9625860,1)
(4412946,24)
(10482771,1)
(10500770,1)
(3460827,1)
(4747080,1)
(7576524,1)
(4934217,1)
(1084948,11)
(4496700,3)
(2155034,1)
(913838,1)
(1221189,5)
(7058240,1)
(1901784,3)
(1002182,2)
(9311543,3)
(2108955,19)
(9046025,1)
(4855567,1)
(4522872,61)
(3025505,2)
(9568954,1)
(9448812,4)
(5535741,3)
(9874152,1)
(3201266,6)
(10377174,2)
(3340820,12)
(3284382,1)
(3403974,2)
(6905060,2)
(5479050,8)
(2821106,1)
(5717145,1)
(4955296,2)
(7297182,1)
(10371404,1)
(8414793,1)
(1328857,1)
(6810443,1)
(5815218,1)
(7672491,1)
(139694,2)
(1492765,4)
(4184715,10)
(10555671,1)
(5408166,1)
(1809615,2)
(9074295,1)
(3996841,1)
(2488675,1)
(10091982,1)
(10215119,1)
(7030583,3)
(11039808,1)
(380335,36)
(8804600,3)
(2319366,2)
(9679438,1)
(1683321,35)
(1886953,1)
(1559112,1)
(7548084,1)
(1652271,3)
(9823978,1)
(8867773,2)
(1444588,1)
(10535060,1)
(4684107,1)
(1985340,21)
(10178995,1)
(122674,29)
(4208448,1)
(4278702,3)
(6553106,6)
(9544699,1)
(10193259,1)
(4033460,4)
(10133309,1)
(10953057,1)
(8746047,1)
(6701048,2)
(9409996,1)
(541994,5)
(10807013,1)
(9269938,1)
(2845254,1)
(3117512,2)
(10839892,1)
(16832,10)
(10974397,1)
(11248734,1)
(2291637,4)
(239549,54)
(10117802,1)
(648518,331)
(10625150,1)
(4790433,2)
(5702259,5)
(267610,6)
(9541322,1)
(2831240,1)
(10381142,1)
(1503375,98)
(136886,3)
(1592296,6)
(8734860,1)
(10386543,1)
(9854154,1)
(9252396,3)
(11082774,2)
(7397488,1)
(1511259,24)
(5047473,8)
(3470367,3)
(3128817,14)
(4813932,1)
(5271438,1)
(8702630,1)
(1358593,1)
(8259921,1)
(5480977,2)
(10981533,1)
(2004257,3)
(10314317,1)
(4868734,1)
(10172450,1)
(10420599,1)
(11165475,1)
(4040813,1)
(10502219,1)
(10893324,1)
(10747137,1)
(9180233,1)
(5027673,6)
(405814,4)
(10357239,1)
(24851,3)
(6579487,2)
(4009197,12)
(6756697,2)
(8809083,2)
(9326033,1)
(2064017,2)
(9683244,1)
(524056,161)
(1459339,1)
(7075430,1)
(10189272,1)
(8348625,1)
(9655821,3)
(5352302,1)
(1428784,56)
(998989,2)
(6752484,34)
(2345763,9)
(4868572,8)
(5364471,9)
(3920493,2)
(2242019,2)
(7824401,2)
(688316,1)
(8615312,1)
(9543195,10)
(4788995,1)
(2114084,18)
(8998967,1)
(8331795,1)
(8460657,1)
(11260424,1)
(1377411,6)
(1496527,2)
(10012015,1)
(10933103,1)
(2256960,1)
(9667305,1)
(6061719,1)
(8922861,2)
(9115064,2)
(9319518,1)
(10407215,1)
(5459016,1)
(8938206,1)
(2848620,3)
(10334766,1)
(3238842,16)
(4167976,1)
(443731,8)
(10082360,1)
(10072776,1)
(1812035,8)
(3362358,11)
(9163719,1)
(8874351,1)
(9069507,5)
(6527556,15)
(8934642,3)
(3348471,1)
(2950554,7)
(8685739,1)
(1555468,1)
(1775622,4)
(6212645,2)
(792626,3)
(6700193,5)
(8904799,1)
(9282393,1)
(1410837,1)
(5417274,4)
(3562121,1)
(3517860,34)
(10061138,1)
(4670698,2)
(1316977,2)
(3087589,30)
(8972578,1)
(901084,1)
(4185598,8)
(4851651,6)
(9983728,3)
(5614545,1)
(10862373,2)
(4833886,2)
(11204363,1)
(8933157,1)
(9404955,1)
(9234422,1)
(7122518,1)
(9475803,2)
(1631805,29)
(4199007,1)
(10366941,1)
(3022832,5)
(2365310,34)
(10202609,3)
(1650769,1)
(10835508,1)
(8271152,4)
(2390970,2)
(6833529,1)
(10624278,1)
(8934705,1)
(10815609,1)
(10966161,1)
(5645172,1)
(6250364,1)
(8814159,3)
(10227387,1)
(2114994,3)
(4829214,3)
(645331,7)
(9506268,1)
(5332403,1)
(9692316,7)
(10861608,1)
(1526758,3)
(7433829,3)
(7307973,1)
(10596027,1)
(2804169,2)
(4668655,1)
(8784063,134)
(4795537,1)
(2025542,3)
(11179731,1)
(109246,2)
(110956,5)
(6886549,5)
(2524403,2)
(3394434,1)
(932486,1)
(6517359,1)
(2520380,1)
(3283095,25)
(11174349,1)
(11072577,1)
(941099,15)
(9077463,5)
(3404964,8)
(1775875,6)
(3430550,2)
(3359064,18)
(5159109,1)
(11267805,1)
(1414734,17)
(1303007,5)
(2979517,1)
(10491898,1)
(2713584,1)
(5751921,1)
(9227646,1)
(9276714,5)
(9676567,2)
(9202030,1)
(8004680,2)
(5324772,1)
(8616753,4)
(9024344,1)
(9795268,1)
(2598015,1)
(9698996,1)
(2433125,1)
(6706485,1)
(9574380,2)
(7999741,2)
(9203688,17)
(5123928,1)
(9722808,1)
(10886485,1)
(3389935,13)
(4219374,5)
(10768279,1)
(7457823,2)
(8366445,1)
(8798437,14)
(9554544,1)
(9085031,1)
(1457601,1)
(2170758,4)
(8450180,1)
(9327474,1)
(6775100,1)
(11297145,1)
(10630677,1)
(9938755,1)
(10688683,1)
(7357121,1)
(7070147,1)
(7107902,4)
(9236204,1)
(10059744,3)
(8942779,1)
(9723122,1)
(7884766,1)
(4125387,2)
(6581637,8)
(11266617,1)
(7126569,1)
(604183,207)
(4831103,3)
(7162712,1)
(5759374,6)
(10778377,1)
(6756309,1)
(9218970,4)
(1743744,1)
(1643163,5)
(133212,5)
(2878988,13)
(2140805,5)
(566997,13)
(7182350,1)
(8775117,6)
(9417429,2)
(1541913,1)
(8772147,28)
(1632020,1)
(194864,440)
(3585199,2)
(8562861,1)
(7055072,2)
(1227110,11)
(1168125,8)
(1321520,4)
(6707439,17)
(4809117,3)
(9729018,1)
(10719714,2)
(9179488,1)
(8965387,5)
(4451259,1)
(6748461,1)
(567022,1)
(5406249,1)
(8826471,1)
(9353736,7)
(7085484,2)
(9138582,7)
(10417467,1)
(4687465,1)
(11311797,1)
(4581895,2)
(530040,12)
(2489629,8)
(399830,22)
(9712809,1)
(10327872,1)
(4874421,1)
(5062881,1)
(67322,102)
(9499041,1)
(4962333,1)
(9676251,1)
(9067464,1)
(9431685,1)
(8827975,3)
(11066079,1)
(8946937,1)
(5776014,1)
(8716743,1)
(8251712,1)
(5459467,1)
(1657221,23)
(2097336,5)
(8701505,2)
(3558315,1)
(4456380,3)
(7603271,1)
(8781093,32)
(1174623,1)
(9038259,1)
(10836949,1)
(10252280,1)
(10204625,6)
(10594399,1)
(3328275,4)
(9247996,4)
(363541,2)
(2043920,7)
(10134830,1)
(298454,6)
(1499074,106)
(1862544,28)
(1142844,12)
(10423253,1)
(8845281,1)
(2698915,2)
(10332489,1)
(8347437,2)
(1156858,13)
(2619372,16)
(9997921,3)
(5493388,1)
(11307521,1)
(9758061,1)
(130198,3)
(1321179,27)
(584410,1)
(8464202,2)
(2026389,1)
(9982873,1)
(1186657,1)
(542632,2)
(442543,8)
(10338113,2)
(7469442,2)
(4500542,5)
(3930195,1)
(10481943,1)
(547934,4)
(6914745,4)
(1960356,1)
(2174240,1)
(2171270,4)
(3034217,1)
(10944895,1)
(11144685,1)
(8395515,4)
(7017191,3)
(3245321,2)
(412384,1)
(1909245,2)
(11095996,1)
(732929,177)
(3060218,6)
(10345205,2)
(7486371,1)
(1022919,1)
(1237560,4)
(1484809,3)
(10441136,1)
(8782993,1)
(1048371,5)
(4975258,3)
(3528255,5)
(9393930,1)
(11171874,1)
(2148618,3)
(4182537,3)
(10713161,1)
(5735677,4)
(181048,1)
(9217430,1)
(3279270,1)
(214997,14)
(10072721,1)
(5966482,1)
(4013624,2)
(10725005,1)
(8783136,3)
(406246,16)
(9276750,1)
(9992278,1)
(8523701,38)
(9825796,1)
(10889040,1)
(8976574,1)
(3666261,3)
(10782642,1)
(10017317,1)
(1671045,3)
(3121670,1)
(10222085,1)
(9060146,1)
(1660353,3)
(10486632,1)
(1830729,11)
(8255367,1)
(11112815,1)
(4973836,6)
(1380408,124)
(9793071,1)
(8420796,1)
(772510,1)
(7889851,1)
(10915473,1)
(9435582,1)
(1701416,11)
(3098839,13)
(11143406,3)
(11068491,1)
(10407927,1)
(3382004,2)
(9828450,1)
(10652493,1)
(4147329,5)
(1687949,1)
(515281,1)
(9614970,1)
(805252,1)
(235985,15)
(9142190,23)
(240781,17)
(10450956,1)
(10793488,1)
(240907,7)
(11072261,3)
(2250632,1)
(4941598,1)
(9058194,1)
(10682058,1)
(1048632,7)
(6741341,5)
(10755291,1)
(9963018,1)
(7088391,5)
(6586777,2)
(5392092,5)
(9638686,1)
(134752,30)
(10384167,1)
(165596,2)
(1308642,13)
(650308,1)
(6431930,1)
(5968165,1)
(8609166,1)
(5347443,2)
(48666,2)
(10758775,1)
(153229,29)
(1812981,1)
(8891497,4)
(2872399,67)
(9095544,2)
(7034958,1)
(3528769,1)
(10783687,1)
(1721153,1)
(231420,1)
(67520,2)
(9499140,1)
(7218279,5)
(6210511,1)
(6928308,2)
(8259561,1)
(11038791,1)
(1616983,3)
(9693757,4)
(6933717,5)
(11315757,1)
(7351046,1)
(2597836,1)
(571757,1)
(9870516,4)
(9927117,1)
(8825580,2)
(3296622,1)
(9980901,2)
(3014057,1)
(10924130,1)
(1765975,5)
(4408365,1)
(3288757,2)
(2290331,1)
(7775965,1)
(10060904,1)
(4985518,4)
(9804041,1)
(6685623,49)
(5239335,1)
(1643361,4)
(7576029,1)
(1942077,1)
(6606855,7)
(11293699,1)
(2812232,2)
(9769366,1)
(4418328,9)
(4282662,5)
(3485190,1)
(9967465,1)
(2382294,2)
(10773732,1)
(6745716,4)
(10717176,3)
(1737598,41)
(1749937,1)
(11079543,1)
(8867160,13)
(10437861,1)
(2697961,1)
(8444600,1)
(267863,4)
(6733421,2)
(9612242,1)
(10900730,1)
(11050599,1)
(9222245,1)
(8421731,1)
(1302828,2)
(2259732,2)
(10160570,1)
(6907400,1)
(10938496,3)
(9628588,1)
(1023189,1)
(8276968,2)
(9652950,1)
(9357138,1)
(4187875,1)
(11094393,1)
(10167690,1)
(2965819,1)
(3259236,18)
(10707177,1)
(5412170,1)
(4502720,3)
(751739,5)
(9874468,1)
(7070859,1)
(654241,3)
(1905645,1)
(9456732,1)
(2663454,2)
(7069608,9)
(9980343,1)
(4063421,1)
(2057772,1)
(2291024,5)
(2322902,1)
(9130238,2)
(4278801,1)
(6778161,1)
(10092125,1)
(10945434,2)
(9140372,2)
(8953290,1)
(9978616,1)
(1155912,18)
(6775056,2)
(11028459,1)
(1469176,2)
(9094815,1)
(10776306,1)
(8366896,1)
(7434459,1)
(3994979,39)
(842819,8)
(11092737,1)
(3433575,41)
(11188380,1)
(6565932,6)
(8770112,5)
(10620461,1)
(11245926,1)
(11126964,1)
(1648366,1)
(6600978,14)
(10864100,1)
(2385877,1)
(6695776,5)
(2972235,1)
(2420101,2)
(10113996,1)
(3662328,6)
(10678387,1)
(10753734,1)
(2901233,1)
(6506090,3)
(624244,1)
(9065709,2)
(3100349,2)
(3188910,9)
(2315315,6)
(4892304,15)
(10158447,1)
(9760112,1)
(385970,2)
(10717374,1)
(259231,51)
(10075746,1)
(10282719,1)
(1518063,1)
(2084150,3)
(1021190,5)
(7438554,82)
(2280648,2406)
(4996048,2)
(10461170,1)
(2605575,1)
(7413353,1)
(10767072,1)
(8903006,1)
(7492374,2)
(8942724,1)
(1618314,1)
(11246097,1)
(8084817,1)
(604697,48)
(6864417,9)
(10579486,2)
(3330029,2)
(1588688,1)
(4446840,1)
(5384947,1)
(3482959,30)
(3372500,3)
(9018198,1)
(37875,7)
(2056647,1)
(2672328,13)
(10137404,2)
(8979904,1)
(9942426,1)
(4585657,1)
(2539696,1)
(2346753,2)
(11104832,1)
(1445839,1)
(10617681,1)
(4185147,4)
(6936679,1)
(4275020,10)
(5955853,1)
(1454587,1)
(1953679,2)
(5015757,1)
(2768647,14)
(7726284,1)
(79040,25)
(7170038,3)
(7519635,1)
(9855757,1)
(4806147,1)
(2915896,11)
(7307874,2)
(7799310,1)
(996044,12)
(2883289,30)
(10294888,1)
(1339945,1)
(9089640,3)
(172787,8)
(7183458,1)
(4534356,1)
(11102690,1)
(5227554,1)
(10060698,1)
(9228537,1)
(3372096,1)
(10395453,1)
(5882601,25)
(6697242,1)
(4692775,1)
(3428878,12)
(2537625,8)
(4460529,1)
(4960867,1)
(1820414,2)
(655709,67)
(5712401,28)
(9528804,1)
(1154625,4)
(5781360,4)
(1092318,2)
(9753985,1)
(3592371,1)
(9633582,1)
(9711099,5)
(10317576,1)
(8305794,1)
(9454194,2)
(9560943,1)
(8470395,1)
(9835209,2)
(10598818,1)
(7243172,1)
(7095131,1)
(9151028,4)
(7297407,2)
(10208577,2)
(1875153,4)
(9186011,1)
(11200961,1)
(1664511,3)
(1335336,20)
(7293906,1)
(9756180,1)
(1095126,22)
(8875143,3)
(6788124,1)
(10215966,1)
(9440757,1)
(10124336,1)
(5884870,1)
(9533556,1)
(10797187,1)
(7582626,1)
(10179039,1)
(3523151,1)
(9480654,1)
(2486794,13)
(547637,8)
(10337376,1)
(3242612,1)
(10664021,1)
(260743,12)
(3319167,38)
(9007316,1)
(9615014,1)
(3342693,3)
(11012113,1)
(7824951,1)
(1978366,3)
(2238942,2)
(9580482,3)
(10070840,1)
(9484551,1)
(1497869,31)
(9728226,1)
(3327942,1)
(8967510,2)
(3058626,1)
(11020808,1)
(1701317,2)
(11175870,1)
(5497645,3)
(11181738,1)
(952033,2)
(2955955,1)
(7139637,1)
(5946484,1)
(8844101,23)
(10888410,1)
(2429418,10)
(5735776,3)
(2284248,93)
(9085798,2)
(584762,11)
(10971787,1)
(4939555,1)
(1361139,3)
(3055043,1)
(8298072,1)
(2635536,1)
(1989553,3)
(9228078,1)
(4469467,1)
(5725876,1)
(6829795,1)
(2276562,7)
(9571077,1)
(1460634,4)
(10478550,1)
(7923041,3)
(11135676,1)
(11122003,1)
(402943,105)
(9485082,1)
(4415394,5)
(9346347,1)
(1507137,7)
(2405441,1)
(4548252,1)
(8934994,3)
(3222812,6)
(7123346,1)
(901499,2)
(8578954,2)
(2456148,1)
(9223532,2)
(8855442,1)
(2819091,1)
(5811816,3)
(5856718,1)
(4214487,7)
(5891629,68)
(10484058,1)
(11070795,1)
(5272329,3)
(9268489,1)
(9209510,1)
(11044703,1)
(9851643,1)
(1861293,1)
(10797088,2)
(8833167,2)
(10641413,1)
(1147948,35)
(10341902,1)
(2040194,3)
(4855215,1)
(3497287,1)
(668390,3)
(1746390,52)
(9177219,2)
(387914,4)
(4112921,2)
(10175024,1)
(6936264,6)
(10662500,2)
(4935919,2)
(4949158,1)
(10416323,3)
(8902511,1)
(10231256,1)
(8408718,1)
(7938009,1)
(1390399,1)
(2328177,1)
(10114274,11)
(536431,74)
(446459,1)
(9145575,1)
(2415855,2)
(38216,2)
(411394,1)
(10762545,1)
(11238023,1)
(1765777,25)
(2127314,1)
(10165377,1)
(3330939,1)
(4957474,44)
(3062649,3)
(10054497,1)
(7419744,1)
(10262694,2)
(222411,1)
(1581513,5)
(5752001,1)
(7420085,3)
(3021842,1)
(9672101,1)
(8762995,4)
(8553456,1)
(6533559,3)
(10671979,1)
(11115263,2)
(1006953,3)
(7636400,3)
(223951,6)
(11099244,1)
(8674335,1)
(3583362,7)
