(1047470,1)
(1926821,7)
(115888,7)
(8383166,1)
(8048249,1)
(9391607,1)
(1841447,1)
(8998443,4)
(6792335,5)
(2646551,2)
(2980857,1)
(7132507,1)
(10742537,2)
(2612341,20)
(3072278,1)
(10461575,1)
(5358639,40)
(8458659,2)
(9077967,1)
(968251,1)
(2102103,3)
(10191827,1)
(5515832,1)
(10914635,1)
(2590346,1)
(10048132,1)
(444252,21)
(8084997,1)
(11042669,1)
(8566910,1)
(9790910,1)
(363333,2)
(9650168,2)
(11149210,1)
(8680012,1)
(1513229,4)
(8372023,1)
(9059886,1)
(1242365,1)
(11302660,1)
(1846631,33)
(5953368,2)
(9329309,2)
(11279766,2)
(8542303,1)
(10028387,1)
(9831437,3)
(9854397,1)
(7471970,1)
(8996661,1)
(9774666,1)
(8959635,3)
(2419085,2)
(10171865,1)
(9913085,4)
(6814682,3)
(4276019,1)
(9627173,1)
(9116198,1)
(6686595,4)
(2985997,1)
(975208,2)
(10875170,1)
(3497123,2)
(10792947,1)
(9883250,1)
(10327727,1)
(9907109,1)
(3034243,4)
(242003,107)
(3217907,4)
(9906218,2)
(2169984,1)
(9293949,1)
(9943695,1)
(5883474,1)
(5490713,1)
(7826165,5)
(10357427,1)
(10922690,1)
(8983205,1)
(8544734,1)
(4454390,1)
(7073008,1)
(444568,26)
(2096589,4)
(2707535,3)
(5604121,5)
(5581983,1)
(1238801,2)
(3269423,1)
(8951462,1)
(8302011,2)
(9197658,1)
(1827920,3)
(10266680,1)
(2940608,23)
(3390464,9)
(1279446,15)
(1033574,32)
(2855900,1)
(11181250,1)
(9999847,4)
(4585980,11)
(5803823,3)
(5949796,1)
(497038,4)
(3383732,2)
(7395759,1)
(4997721,3)
(2097876,3)
(9877329,1)
(9914471,1)
(6386020,2)
(9244628,1)
(5770325,1)
(10546094,1)
(561135,7)
(32725,1)
(2875818,1)
(8867961,11)
(950719,4)
(2418293,1)
(9619019,2)
(9472364,1)
(8551664,1)
(10486721,2)
(4898523,1)
(2810693,1)
(10345385,1)
(3923192,1)
(5538107,1)
(5619972,2)
(8217377,1)
(405345,26)
(9585125,1)
(9734769,1)
(10189974,2)
(5308878,1)
(1904546,12)
(9991124,1)
(3169686,2)
(10073107,1)
(8716832,1)
(2469693,3)
(6715033,1)
(1581107,59)
(3494667,2)
(4688599,1)
(4043729,3)
(936832,1)
(10614250,1)
(3732185,1)
(8142343,1)
(2237708,1)
(1986177,1)
(5511322,2)
(6711389,4)
(1645287,16)
(4197053,14)
(8302228,1)
(5586933,1)
(4258488,1)
(1936325,4)
(1030351,2)
(7826327,2)
(1067289,1)
(571783,1)
(9710143,1)
(1981947,8)
(8835687,1)
(2959897,3)
(1711702,1)
(2386299,65)
(684841,2)
(7370080,1)
(11017199,1)
(10319032,1)
(9322838,1)
(10967141,1)
(11195921,1)
(7517799,1)
(3056870,1)
(9472625,7)
(8796645,5)
(9744650,3)
(3173951,1)
(1281632,5)
(188004,1)
(8614925,1)
(9714518,1)
(4959859,2)
(1971533,3)
(7062118,2)
(48917,105)
(9125350,1)
(11105768,1)
(603543,2)
(5957625,2)
(9785042,1)
(1758224,5)
(10585361,1)
(464610,1)
(238288,38)
(2326349,1)
(9621043,3)
(250121,213)
(8582453,1)
(9126296,3)
(10171216,1)
(4708523,2)
(7586766,1)
(1539591,4)
(2706941,10)
(9889344,1)
(95546,29)
(7275392,1)
(10752635,1)
(9171016,7)
(1211521,8)
(7489845,3)
(1131485,3)
(9542852,1)
(4199132,1)
(10282547,1)
(9479286,1)
(1950905,5)
(3928593,1)
(8713367,4)
(4025530,5)
(8549063,1)
(11047592,1)
(2311084,5)
(9109862,4)
(10072513,1)
(2042164,1)
(9989749,1)
(9714419,1)
(661675,1)
(2621314,6)
(128208,4)
(6623279,1)
(11060632,1)
(9360656,1)
(8998308,11)
(10354916,1)
(10355131,2)
(3346184,1)
(7430272,1)
(517828,2)
(8308493,1)
(8453195,1)
(2679636,1)
(3131263,1)
(2008108,3)
(128442,53)
(1387491,15)
(8344303,1)
(11232389,1)
(26623,3)
(9395180,3)
(266016,1)
(3025289,43)
(4532762,1)
(2020447,2)
(2523700,1)
(4193002,61)
(1096403,3)
(10577342,1)
(7410571,1)
(4708839,7)
(11167346,1)
(5774420,1)
(9786186,1)
(8826029,4)
(1162986,9)
(5460059,5)
(9479646,1)
(3574659,1)
(1943552,4)
(7317511,1)
(9395199,1)
(9488916,2)
(8325331,2)
(8338490,1)
(537367,14)
(510799,1)
(10870742,2)
(7098894,6)
(2335718,1)
(11084447,1)
(3434618,7)
(4391390,2)
(439041,6)
(3060406,1)
(43318,1)
(4000447,10)
(9372077,1)
(10982054,1)
(2829107,2)
(3460457,2)
(3713023,6)
(2649738,1)
(10328195,2)
(4335554,9)
(8867510,10)
(426847,33)
(11082511,1)
(10756073,1)
(220520,7)
(11182097,1)
(1809902,6)
(9639369,9)
(10533980,1)
(11184338,1)
(11274923,1)
(2237942,2)
(3376307,1)
(9479682,1)
(1457349,1)
(2610226,1)
(2841446,2)
(10735148,2)
(9823193,1)
(7597340,7)
(2979543,1)
(8894592,15)
(3016324,1)
(968512,5)
(9766034,1)
(1751041,10)
(5523617,1)
(4199448,1)
(10126397,1)
(5460158,1)
(4157057,14)
(9153845,4)
(8113886,3)
(1555395,2)
(6626807,2)
(8902358,1)
(2684072,2)
(6902341,1)
(2112913,1)
(6531253,1)
(6750502,1)
(3564858,3)
(4519532,1)
(4961270,1)
(7034470,1)
(196078,29)
(7050689,1)
(10338103,2)
(10662130,1)
(4345292,3)
(10606286,2)
(4837836,1793)
(2050282,1)
(2331505,1)
(10637435,1)
(905287,5)
(4799677,1)
(5542779,2)
(1448772,7)
(4692413,2)
(215111,3)
(2112418,2)
(9264266,1)
(10421939,1)
(3532411,2)
(413878,1)
(558968,1)
(384934,26)
(3412937,24)
(10073440,2)
(2005174,3)
(3356507,16)
(2073368,1)
(11079533,1)
(2461231,1)
(9854559,1)
(9548270,1)
(10289469,1)
(2666414,1)
(10320841,1)
(10280369,1)
(1940609,1)
(7365284,1)
(3924281,1)
(10198334,1)
(1921321,1)
(8290826,1)
(5709215,68)
(9043397,1)
(8716021,2)
(2841347,1)
(938119,1)
(6901054,4)
(1492007,1)
(8995374,1)
(1171706,19)
(4136267,1)
(459490,1)
(10184375,1)
(4499003,7)
(10973144,1)
(2836730,1)
(2044108,6)
(2826489,4)
(5912011,4)
(7469072,2)
(4014280,9)
(2457010,1)
(9418896,1)
(7033543,4)
(234273,1)
(10922519,1)
(4413962,17)
(8874819,1)
(7173331,2)
(9860246,1)
(11125612,1)
(10349444,1)
(1830007,4)
(618745,122)
(3028619,3)
(4132612,1)
(8803295,1)
(10561510,2)
(10960139,1)
(9849546,1)
(10039574,1)
(8308141,1)
(10274465,1)
(11079236,1)
(410097,8)
(3414755,5)
(33715,44)
(10464608,1)
(185548,5)
(10749855,1)
(7548984,5)
(3451907,2)
(8455021,2)
(6532180,2)
(11005110,1)
(8538137,1)
(10314604,2)
(10348490,1)
(3492632,1)
(7032968,2)
(8702774,1)
(4577051,11)
(4453661,1)
(9565677,1)
(10287335,1)
(10477910,1)
(8166950,1)
(10720045,1)
(1611770,1)
(152562,73)
(10923707,1)
(7358750,1)
(6518889,1)
(7550774,1)
(9846026,1)
(3446435,1)
(6807554,1)
(9074230,1)
(3568593,1)
(3390112,3)
(8369892,1)
(713136,1)
(8780813,4)
(9380555,1)
(4870019,1)
(444018,147)
(5468150,7)
(10797573,1)
(8870697,1)
(9705680,1)
(3378477,3)
(9387837,1)
(6887529,5)
(11304992,1)
(10662707,1)
(7378316,2)
(59230,7)
(769621,17)
(4693007,1)
(11134063,1)
(9092663,1)
(8657289,15)
(7982568,1)
(4849301,3)
(8902141,4)
(11024632,1)
(10248068,1)
(6312328,1)
(11312461,1)
(654943,68)
(11015227,1)
(4387683,4)
(9877761,1)
(8862029,1)
(2612918,5)
(10789455,1)
(9556190,1)
(9391346,1)
(1645485,4)
(7376787,1)
(418251,2)
(8897210,52)
(671476,7)
(3250577,1)
(11311372,1)
(10093402,1)
(9673848,1)
(10373627,1)
(7290827,1)
(6577695,2)
(1471569,5)
(9802826,1)
(10457093,1)
(2258372,1)
(9142801,2)
(455340,1)
(10001250,1)
(6614512,16)
(10142759,2)
(2872730,1)
(8335330,2)
(2676611,3)
(10930934,1)
(5968218,1)
(9920023,1)
(1838568,1)
(2527355,1)
(3192725,2)
(10043605,1)
(1518215,1)
(10656407,2)
(10129367,1)
(8306477,2)
(10822862,3)
(1811233,1)
(1288950,1)
(2974755,1)
(4526877,2)
(3661111,1)
(8039276,1)
(3256715,22)
(786055,19)
(1862589,1)
(650587,4)
(2060209,5)
(2136250,2)
(9936927,1)
(7447652,1)
(9073105,1)
(9949671,2)
(9019989,1)
(9663038,1)
(9369891,9)
(10574471,1)
(3230722,8)
(9178073,1)
(8744354,3)
(4485954,1)
(11041976,1)
(10007759,1)
(667200,1)
(1955685,6)
(9908487,1)
(7269669,5)
(1393593,1)
(3341459,1)
(5755926,2)
(3263483,5)
(1524551,1)
(444315,40)
(3319319,433)
(3296351,7)
(8915660,25)
(8983791,4)
(11311075,1)
(11219357,1)
(10328159,1)
(11057690,1)
(940305,1)
(8587395,1)
(4803761,4)
(9152107,1)
(9907596,2)
(4459854,1)
(1008464,1)
(9604763,1)
(3923912,15)
(8749818,2)
(3834056,11)
(9272843,1)
(4257605,1)
(2112058,10)
(10041427,1)
(10417592,1)
(8365841,1)
(10509626,2)
(2106668,70)
(4814516,1)
(10519012,1)
(4819359,2)
(8542295,1)
(9488196,1)
(10149266,1)
(243903,92)
(10855389,1)
(4917611,6)
(10564986,1)
(8350892,1)
(4230479,16)
(3406871,14)
(9726335,1)
(10855884,2)
(7110727,2)
(8413009,1)
(5406022,9)
(10429472,1)
(5827872,1)
(11244566,1)
(11026153,1)
(6806168,1)
(41888,8)
(9557180,1)
(1386861,2)
(9808299,1)
(1420051,1)
(10200754,1)
(5890313,26)
(2302138,2)
(6586019,1)
(589801,2)
(1839819,4)
(9035026,8)
(43219,1)
(2537750,12)
(9333728,2)
(8331037,1)
(9359045,1)
(3278883,1)
(9328193,3)
(1546449,1)
(5726540,3)
(11277588,1)
(7954631,3)
(5019185,1)
(1373595,1)
(11249714,1)
(152823,10)
(3884268,2)
(11044072,2)
(1232429,1)
(5006422,1)
(5058416,1)
(1644990,2)
(4586934,1)
(6516953,1)
(9759393,2)
(10498656,1)
(985856,1)
(6605297,3)
(9971577,1)
(9158039,19)
(213708,1)
(4450501,705)
(2897076,11)
(9738215,1)
(11146600,1)
(8416411,2)
(1086143,1)
(9416014,21)
(7427555,1)
(11033443,1)
(9147996,1)
(4519749,1)
(7133533,1)
(9345707,1)
(88355,2)
(9881847,1)
(8610811,1)
(7412353,6)
(4563713,1)
(3121822,8)
(6615917,4)
(10524278,1)
(2721917,1)
(4258037,1)
(10127549,1)
(9902951,3)
(8539776,5)
(5712509,2)
(6799400,1)
(1149657,5)
(1702388,8)
(9688473,2)
(1966935,4)
(552225,7)
(9441377,1)
(7553744,2)
(9387161,1)
(4108033,1)
(10410931,1)
(4244771,1)
(5911021,1)
(10224118,1)
(9410470,3)
(11280467,1)
(9984285,1)
(10222831,1)
(2480302,1)
(10654210,1)
(1684815,1)
(7135414,3)
(8810233,5)
(7287236,9)
(2883323,3)
(8962866,2)
(3099792,1)
(10157384,1)
(4154447,2)
(1741691,3)
(3282914,14)
(8022391,1)
(9700441,2)
(3069993,2)
(9118277,1)
(1825706,1)
(10610515,1)
(8867925,1)
(153291,2)
(794533,1)
(11173448,2)
(8982864,6)
(1969897,1)
(10196200,3)
(1971632,5)
(10872623,1)
(9611404,1)
(752296,1)
(9474641,2)
(4864115,6)
(9477,8)
(7397937,6)
(3020842,9)
(3298881,1)
(10489999,1)
(4407527,2)
(3353474,16)
(9623474,1)
(8878851,2)
(9566964,1)
(8809037,7)
(1815509,1)
(1835598,3)
(1656339,19)
(4369863,3)
(8685729,1)
(3453310,1)
(10491077,3)
(6861374,3)
(6918371,1)
(1766793,6)
(513912,25)
(9896571,1)
(10530523,1)
(6615197,19)
(4843325,1)
(7546517,1)
(11234611,1)
(11243639,1)
(5521989,1)
(5944557,1)
(9834209,9)
(1203656,8)
(7804286,1)
(4222045,4)
(6643637,1)
(10789914,1)
(5002165,1)
(1130855,3)
(4106666,4)
(3596673,1)
(9244826,1)
(9850607,2)
(1748577,1)
(8576315,3)
(7904375,1)
(8407790,2)
(514993,1)
(3293903,1)
(9290311,2)
(9191212,1)
(565483,73)
(3640277,2)
(1800802,20)
(6863354,1)
(9137285,1)
(211926,3)
(9856638,1)
(779161,1)
(10505468,1)
(224274,1)
(11022751,3)
(1252265,1)
(22311,317)
(3882909,1)
(4448252,1)
(201611,6)
(10862921,1)
(10359740,1)
(10991027,2)
(1927415,1)
(1014269,74)
(10938431,1)
(10267535,4)
(1947413,26)
(2686115,10)
(1195656,1)
(6913781,11)
(9339308,1)
(4956276,1)
(6161537,3)
(6707924,1)
(9183347,2)
(242201,1)
(2495180,1)
(10847117,1)
(11286605,1)
(8583605,1)
(1509602,10)
(1207490,1)
(8347724,3)
(11083259,1)
(5723930,1)
(9434708,2)
(4522565,2)
(4244221,1)
(4153402,5)
(1033079,2)
(4804850,3)
(3479097,5)
(7817219,2)
(7175726,2)
(9887779,1)
(8356887,1)
(8566929,1)
(8771543,1)
(749939,2)
(7843490,1)
(10937757,1)
(11066311,1)
(4254987,2)
(8344006,1)
(10128737,2)
(1984502,1)
(10426529,1)
(9104579,1)
(4916324,2)
(3049959,2)
(1580513,3)
(3472733,1)
(1356864,1)
(1875242,1)
(9030238,1)
(9066824,1)
(7101457,2)
(8333729,1)
(11300699,1)
(7740494,2)
(2518544,5)
(2178047,1)
(6742637,15)
(6808698,5)
(273045,4)
(6813359,2)
(7403957,1)
(1982874,17)
(10029223,1)
(7794512,1)
(2831942,1)
(9405575,4)
(5818368,1)
(9926513,1)
(10346933,1)
(10203779,1)
(9171052,1)
(3900133,2)
(10742870,1)
(6546554,1)
(9925622,1)
(9983916,1)
(377905,46)
(62722,20)
(3113443,8)
(596948,2)
(300053,4)
(10010179,2)
(10391546,1)
(188554,2)
(3683694,1)
(8734553,4)
(5551832,1)
(998924,1)
(5883672,1)
(5513753,1)
(7078148,1)
(6955776,1)
(10774965,1)
(10962254,1)
(10070173,1)
(3684530,355)
(1761491,1)
(951682,2)
(4806236,1)
(4986886,2)
(10652230,1)
(9034171,1)
(10159922,2)
(926635,22)
(8828081,1)
(2470394,1)
(9120878,2)
(7427492,2)
(6811739,1)
(2280638,175)
(1322096,25)
(10864280,1)
(3121679,10)
(10288875,1)
(3018395,1)
(1803412,21)
(1431301,1)
(4106314,28)
(8834048,1)
(3206008,5)
(6807653,3)
(9332125,3)
(5374938,40)
(5982177,1)
(5791629,4)
(10399340,1)
(5093660,1)
(9711449,1)
(7192592,1)
(869666,2)
(5952639,326)
(9424484,2)
(821497,1)
(2806832,2)
(993622,4)
(3922427,7)
(8916966,6)
(1074164,9)
(4955844,3)
(10649090,2)
(10640053,1)
(10812764,1)
(6905069,1)
(6726888,2)
(263901,1)
(923250,3)
(2051948,5)
(11051560,1)
(6602948,2)
(1592998,4)
(399938,7)
(1699440,9)
(681989,59)
(9282905,1)
(8710900,1)
(1560119,1)
(2908082,1)
(5475396,1)
(1682871,14)
(1200488,19)
(11177958,1)
(1934741,1)
(2114830,2)
(7046927,2)
(4401073,2)
(7037080,1)
(5523158,1)
(908554,1)
(8933381,1)
(2944802,12)
(1958754,4)
(11229752,1)
(6820289,1)
(10094087,1)
(611724,34)
(11041660,1)
