(10806720,1)
(8276917,1)
(2257954,3)
(9867578,1)
(4217956,4)
(9650523,1)
(1614295,5)
(9396148,1)
(927378,6)
(8831730,18)
(8336136,1)
(4404750,1)
(1438831,1)
(109349,79)
(10374810,1)
(10467961,1)
(9923917,1)
(10847662,1)
(58353,24)
(6791403,4)
(11157441,1)
(4233697,1)
(2085892,1)
(11263588,1)
(10070132,2)
(9504138,1)
(10861387,1)
(10152140,3)
(10225257,2)
(9524730,3)
(9027291,3)
(9831289,1)
(10494141,2)
(10655313,1)
(5587973,1)
(3506578,3)
(797814,1)
(9204014,1)
(3213186,3)
(8869405,9)
(3377248,10)
(9988619,3)
(547262,7)
(1258552,1)
(3977422,1)
(1800041,18)
(5415892,28)
(5376003,1)
(9039135,1)
(1801581,1)
(11193397,1)
(10811076,1)
(47364,64)
(10511015,2)
(9995530,1)
(5614945,2)
(373643,1)
(9680124,1)
(3546079,1)
(1656686,1)
(9364053,2)
(11007852,1)
(256779,37)
(7350618,1)
(3527566,1)
(10363326,1)
(5420751,2)
(2640831,4)
(10445587,1)
(9640777,1)
(3143003,12)
(8291019,1)
(4518718,6)
(1863060,1)
(205676,4)
(5954092,2)
(8276755,1)
(1438985,25)
(3505335,1)
(6627234,1)
(8993614,1)
(1705867,6)
(1350388,4)
(11252904,1)
(596646,2)
(9113286,6)
(11151465,1)
(1299854,2)
(2716693,1)
(2996846,1)
(498870,95)
(11085784,1)
(9474141,1)
(4459769,3)
(11298670,1)
(10410945,1)
(11127147,1)
(11193991,1)
(11287249,1)
(1069877,6)
(2900940,33)
(2673600,1)
(7127940,2)
(10215357,7)
(5300114,1)
(4465096,3)
(2426389,1)
(5366202,1)
(9543595,1)
(10231458,2)
(6862260,7)
(10366909,1)
(10339693,1)
(4413129,10)
(3930397,7)
(7271454,1)
(8739869,1)
(3639337,1)
(9026364,6)
(8297031,1)
(3151671,3)
(2171337,1)
(946944,1)
(11300298,1)
(874575,6)
(10907359,1)
(6674773,1)
(9677993,2)
(9815881,1)
(1835917,5)
(10412664,1)
(6526650,16)
(3411645,1)
(2864923,42)
(10626306,1)
(5490763,2)
(2282019,4)
(3309469,29)
(35132,25)
(6621401,1)
(10808241,1)
(2835952,3)
(10890592,1)
(9130773,1)
(6887362,3)
(10691115,1)
(7275829,1)
(1077580,1)
(9063390,1)
(9093054,1)
(2091958,23)
(2296627,3)
(10036761,4)
(10128435,1)
(9573358,5)
(7442067,1)
(10704615,1)
(10764565,1)
(5956270,1)
(8601302,3)
(9859801,1)
(3109335,1)
(6931777,1)
(4890823,1)
(8561776,1)
(10142358,1)
(10581621,1)
(10868713,1)
(4518240,2)
(11204862,1)
(5797754,1)
(4214689,1)
(5711253,5)
(10873627,1)
(8880853,4)
(7496888,1)
(3413562,1)
(5882498,6)
(2970457,2)
(1418671,2)
(5834824,1)
(1929995,3)
(3566220,4)
(9071986,1)
(10317129,2)
(6718369,2)
(6731382,4)
(7824603,1)
(10932469,1)
(10386745,2)
(2060204,10)
(7037355,1)
(2429755,4)
(10152690,1)
(9008706,3)
(7169872,1)
(5665435,1)
(10105566,4)
(9526152,1)
(9112296,2)
(9641965,1)
(10990249,1)
(10379301,1)
(4010199,1)
(5589593,1)
(9151464,9)
(7621950,2)
(2273299,8)
(5874721,1)
(5471917,2)
(9356809,1)
(6577816,1)
(2300351,1)
(10233771,1)
(6646693,1)
(977788,1)
(6900474,2)
(10990582,1)
(395577,11)
(4475059,3)
(10141368,1)
(5003169,1)
(9457726,1)
(4689908,1)
(1006407,5)
(783008,5)
(4986746,1)
(8920632,2)
(6787831,1)
(6883168,1)
(1012248,8)
(3528394,1)
(10053258,5)
(8938048,1)
(2357331,1)
(2847076,14)
(1842531,1)
(1744378,1)
(1041615,2)
(118952,3)
(2331104,1)
(5957026,1)
(1429877,46)
(8771953,1)
(2444712,23)
(9632992,10)
(9534946,1)
(7561939,1)
(2896207,8)
(295136,5)
(36474,89)
(722618,12)
(10614976,1)
(10364154,1)
(1937527,10)
(8033600,1)
(6574846,1)
(9323210,5)
(5698402,1)
(120643,10)
(2959892,1)
(11105862,1)
(10444281,1)
(1862881,19)
(1955842,2)
(7450996,1)
(4971445,1)
(8742270,1)
(8929075,2)
(4801443,5)
(8405436,9)
(11050089,1)
(9448717,3)
(8678984,1)
(8438719,1)
(1450936,1)
(7357675,2)
(1571103,5)
(9113349,1)
(10642083,1)
(5562123,1)
(9823468,1)
(3487985,1)
(10133709,1)
(1208458,4)
(9548185,1)
(11226381,1)
(9439249,1)
(10884319,1)
(10615768,1)
(9089842,1)
(9127399,11)
(10949173,1)
(9030431,3)
(1063288,1)
(2835097,1)
(8985947,16)
(10387221,1)
(9830695,1)
(2253903,11)
(7723029,2)
(10783221,1)
(9290361,2)
(5926174,1)
(8864194,2)
(10394115,1)
(8439231,1)
(661373,2)
(9902668,1)
(9467167,2)
(48868,1)
(4893848,1)
(8963194,2)
(7543795,1)
(6844503,1)
(4953661,1)
(10169674,3)
(10456675,1)
(3458068,1)
(6824505,4)
(7839409,1)
(9323067,2)
(2204475,5)
(8992165,11)
(2897909,59)
(6589589,1)
(1535752,12)
(10245967,1)
(3231762,44)
(8227533,1)
(4810290,61)
(8839507,1)
(9279463,1)
(4959692,2)
(5732241,3)
(4586470,1)
(3284430,1)
(9907591,1)
(5147412,1)
(11233635,1)
(9085684,3)
(8965688,2)
(9612444,6)
(1531143,1)
(2879369,1)
(11147442,1)
(9079249,1)
(4216119,6)
(10250051,1)
(212416,12)
(5642629,1)
(10526451,1)
(5006986,1)
(10575970,1)
(8069232,1)
(2959793,3)
(5580790,3)
(3998861,45)
(1838824,6)
(1656488,21)
(4226668,28)
(6606958,2)
(1640656,3)
(7354001,1)
(6554389,1)
(1557334,1)
(9259050,5)
(10710357,1)
(10653270,1)
(9515938,1)
(670580,2)
(10637845,1)
(9182929,2)
(7729456,1)
(6862477,1)
(1809501,2)
(668295,9)
(4569307,1)
(904616,3)
(2328874,26)
(3100947,2)
(1935709,1)
(10028283,1)
(3035797,4)
(8983318,1)
(69342,111)
(9643783,3)
(8907718,1)
(160144,1)
(2669236,12)
(8652702,1)
(9830497,1)
(9071689,2)
(11078043,1)
(5782291,2)
(9768875,1)
(1523520,3)
(9191064,1)
(10120938,1)
(4525233,1)
(7537855,2)
(7710951,1)
(1056655,5)
(6686969,1)
(10983292,1)
(10573242,1)
(8813055,2)
(11065984,1)
(6709693,2)
(8788775,5)
(5469929,2)
(9431120,1)
(10252482,3)
(10747320,1)
(7375080,1)
(8880754,1)
(9118074,1)
(9689062,1)
(3989654,1)
(7817052,2)
(6697796,2)
(1541007,30)
(5952571,2)
(2389264,1)
(9386130,14)
(9653548,1)
(3368077,1)
(421144,13)
(54492,1)
(10199374,1)
(7095531,1)
(10199671,2)
(9840243,1)
(11283171,1)
(8967000,1)
(567477,5)
(2304465,2)
(10233320,3)
(6756448,1)
(3026373,1)
(10356171,1)
(6789910,2)
(1522846,1)
(4475040,2)
(11316039,1)
(8421177,1)
(10977929,1)
(9233788,1)
(7427352,1)
(2522526,2)
(6508236,1)
(11292298,1)
(7176711,1)
(1182132,1)
(11070609,1)
(1329689,2)
(3518917,1)
(10181364,1)
(7067190,4)
(5945407,4)
(4478362,5)
(7458655,1)
(4402536,1)
(5505234,6)
(11036562,1)
(8795416,4)
(8802679,9)
(9878729,3)
(8317722,1)
(8308551,1)
(1212679,1)
(9200865,9)
(1567072,3)
(10768011,1)
(9269112,12)
(8547592,2)
(9148945,5)
(3362956,1)
(1218006,2)
(4418728,1)
(5046586,3)
(3263299,1)
(11209515,1)
(2259222,1)
(1417249,1)
(3220520,28)
(10320855,1)
(10481172,1)
(8705659,1)
(7504338,1)
(1777994,2)
(567837,4)
(1658116,1)
(9337972,7)
(1107973,2)
(10463550,2)
(4950619,1)
(10859902,1)
(8865085,1)
(3004818,1)
(8272083,1)
(8826420,1)
(7559275,1)
(2071130,8)
(8734828,1)
(2072931,1)
(10339602,1)
(1882744,5)
(9259564,1)
(10403240,1)
(9758678,1)
(9414705,2)
(1792519,1)
(86271,1)
(2091705,1)
(9723577,1)
(4556635,1)
(983475,123)
(6538530,1)
(1205334,1)
(7619863,3)
(5378849,2)
(6811770,5)
(7499803,1)
(1064278,1)
(921941,1)
(173050,2)
(4401744,3)
(1573633,1)
(2258782,5)
(9407910,1)
(8422068,1)
(1634301,1)
(156077,13)
(9655627,1)
(8865580,8)
(5505586,1)
(7505328,2)
(6561778,1)
(6741840,1)
(9300558,6)
(4001883,1)
(704870,2)
(2359924,1)
(1841802,3)
(10573657,1)
(7590946,1)
(2048910,6)
(10018897,5)
(11133186,1)
(10509676,1)
(2603148,2)
(1451863,3)
(3069754,2)
(11009733,1)
(6521727,1)
(5852031,1)
(2960502,84)
(9948442,1)
(3061383,1)
(6794761,3)
(10124420,1)
(9344866,1)
(8767589,1)
(9459706,1)
(2418315,1)
(3507766,1)
(5819713,1)
(5882245,2)
(10182714,1)
(1306468,2)
(617967,102)
(9948109,3)
(2830056,4)
(10459906,1)
(6917494,5)
(2961349,1)
(9824719,1)
(4240176,2)
(10872277,3)
(8333724,1)
(10522194,1)
(4627456,2)
(10776995,1)
(4212492,1)
(9605019,1)
(2815440,2)
(4181848,1)
(5476741,2)
(8881898,9)
(2409702,2)
(7573404,1)
(10637980,1)
(607517,2)
(6193663,1)
(4466707,1)
(5709229,18)
(2559607,1)
(146221,1)
(6919438,1)
(4114248,2)
(301769,131)
(1884328,2)
(3057027,2)
(3986035,10)
(1045116,1)
(11210667,1)
(9031223,1)
(6010197,1)
(7544983,2)
(2168818,1)
(8452722,1)
(9724666,1)
(4260589,1)
(626426,2)
(431440,19)
(383705,22)
(628181,2)
(9602085,1)
(131632,7)
(2639121,4)
(4786568,3)
(4105987,34)
(4022222,2)
(9054598,1)
(2607243,2)
(10313466,2)
(2626152,1)
(6615813,9)
(3265675,2)
(9798377,1)
(2955896,2)
(11008699,1)
(1218259,2)
(8674474,1)
(11008996,1)
(39859,4)
(6742588,2)
(10386781,1)
(11310008,1)
(9316830,1)
(6705183,1)
(3995143,1)
(8929732,3)
(9296518,1)
(8839309,16)
(1193121,50)
(195795,90)
(8770512,38)
(8816836,14)
(3985405,2)
(4702795,39)
(10093416,1)
(3324822,1)
(292977,209)
(11043005,1)
(8625964,1)
(1023985,5)
(648297,1)
(8681629,1)
(10095649,1)
(4556176,1)
(11082822,1)
(5102529,2)
(1975,42)
(9157602,1)
(219022,1)
(10024485,1)
(11081472,1)
(1391022,3)
(9964697,3)
(9348411,1)
(6625353,12)
(3498064,1)
(9730100,1)
(79044,12)
(9744628,4)
(10607235,1)
(3258943,2)
(7819032,4)
(3913116,3)
(3174793,1)
(9117345,1)
(1857670,1)
(2662350,2)
(5462070,1)
(10776184,1)
(9770629,2)
(10178999,2)
(3456998,1)
(8451787,2)
(3411906,5)
(8283847,1)
(10375954,1)
(6735180,1)
(6576510,1)
(10637683,2)
(3471991,1)
(9013917,5)
(1788271,2)
(8910336,1)
(5619887,67)
(9259627,11)
(9734214,1)
(1510254,15)
(3498325,2)
(11127381,1)
(6320306,1)
(1690057,2)
(5141337,1)
(9645664,3)
(2811,1190)
(10415986,1)
(9547591,1)
(5011034,1)
(3160743,3)
(11120577,1)
(556749,8)
(191942,1)
(4489766,1)
(8949749,1)
(5952670,1)
(5362044,1)
(6568681,1)
(8255811,2)
(9115563,4)
(8338468,1)
(9024447,1)
(7729005,1)
(10047769,1)
(11297842,2)
(9691267,1)
(8567653,1)
(5983676,1)
(10200290,1)
(10329441,1)
(9199589,2)
(62079,68)
(3004656,2)
(2745015,1)
(5564716,3)
(9575121,7)
(1307304,2)
(1950595,5)
(9325858,12)
(9623785,1)
(420668,6)
(5750773,1)
(7372533,1)
(3205761,1)
(10939020,1)
(5555842,1)
(9207372,2)
(8975074,8)
(11183659,1)
(6602646,11)
(9721993,2)
(1673920,1)
(5021547,2)
(4960096,1)
(10230512,1)
(3239476,2)
(7483017,1)
(62475,8)
(8699422,1)
(4828561,3)
(2908258,8)
(11019985,1)
(4786667,7)
(7191822,3)
(5411698,1)
(9075847,3)
(3591484,10)
(11115564,1)
(191744,19)
(109547,3)
(10864951,1)
(2507451,1)
(6571975,28)
(563877,23)
(4400303,1)
(9099742,4)
(7248838,4)
(1937112,1)
(7151150,1)
(10951972,1)
(1419625,19)
(1706442,2)
(9974083,1)
(679608,4)
(1861198,9)
(8356783,1)
(8385196,1)
(10041224,1)
(10083291,1)
(5425503,1)
(9197059,1)
(2277790,35)
(10384413,1)
(787158,8)
(6928546,2)
(3537510,4)
(4377643,1)
(10423491,1)
(11170789,1)
(6515922,1)
(11100362,1)
(11205654,2)
(10933341,1)
(10771008,1)
(1854312,3)
(1063648,2)
(243557,11)
(1936276,2)
(4182360,9)
(2362902,4)
(8574231,1)
(585107,24)
(737793,2)
(9315246,1)
(10054743,2)
(8921578,2)
(235321,90)
(10557655,1)
(5055892,4)
(2050142,9)
(9750450,1)
(9969188,1)
(6749202,1)
(8330295,1)
(8890500,2)
(1232938,11)
(8774013,1)
(210733,2)
(5908750,8)
(5566372,2)
(9625864,2)
(4061085,1)
(10869343,1)
(270999,4)
(9287996,2)
(1975499,1)
(4530895,2)
(5756119,1)
(121732,32)
(8990680,4)
(1006902,1)
(1870350,4)
(11077927,1)
(10272147,1)
(9967315,1)
(4438429,1)
(9564132,1)
(9311646,4)
(9002667,1)
(9596326,1)
(3311916,2)
(10344318,1)
(6550338,3)
(8844457,6)
(180296,6)
(10701681,1)
(1006605,3)
(7566510,1)
(1513279,18)
(3054868,1)
(10697803,1)
(2031288,1)
(4231824,1)
(10137741,1)
(8935339,1)
(1416691,2)
(7529575,2)
(700874,1)
(2791429,1)
(8589785,1)
(549701,2)
(376929,19)
(10126293,1)
(409553,12)
(10007817,2)
(9726709,1)
(9437511,1)
(6538387,6)
(10731480,2)
(3374160,1)
(7057452,1)
(1529614,3)
(1770324,1)
(9494194,2)
(407636,25)
(2522328,1)
(7097115,1)
(899163,18)
(6956978,3)
(1213092,93)
(1560169,1)
(4369264,1)
(9470208,10)
(10806775,1)
(6579373,6)
(10705344,1)
(11181462,1)
(2170545,1)
(7280364,3)
(1339930,1)
(9960231,2)
(9305940,3)
(10276099,1)
(10133286,1)
(7262599,1)
(10127283,1)
(10007240,1)
(10180473,1)
(9415632,1)
(7626801,1)
(10265091,1)
(10771440,2)
(6726234,2)
(3357448,3)
(8298436,2)
(62934,28)
(9401060,1)
(3395211,1)
(3591286,1)
(9641316,1)
(3241112,1)
(11158332,1)
(9739354,1)
(8713524,2)
(5731251,3)
(9346783,2)
(2889115,11)
(4513669,1)
(10707621,1)
(7059036,1)
(10040333,1)
(2798431,1)
(10867624,1)
(4354972,5)
(807489,1)
(778996,1)
(10074309,1)
(8458258,1)
(737603,4)
(9997150,2)
(1509968,112)
(8961178,1)
(3487534,3)
(1293111,64)
(6711942,1)
(10347522,3)
(37527,5)
(1234143,1)
(10750056,1)
(8884219,2)
(9557194,1)
(6761046,3)
(3527052,1)
(11257189,1)
(9913459,3)
(11033718,1)
(9021873,31)
(6571777,1)
(120940,13)
(11253435,1)
(928016,8)
(402037,11)
(10309498,1)
(1114100,1)
(8984344,6)
(1033948,4)
(1687934,7)
(10001165,1)
(6815172,1)
(9747535,1)
(1733433,1)
(5471106,5)
(1431414,40)
(1789676,1)
(3884362,2)
(4790121,1)
(9818004,1)
(1502884,35)
(2016573,1)
(1819203,1)
(6696869,7)
(4892308,4)
(10353165,1)
(1743234,3)
(2900283,1)
(11187718,1)
(7438701,1)
(9639922,1)
(3233706,2)
(6799766,2)
(5021484,1)
(2749363,9)
(8251716,1)
(9504075,1)
