(10945905,3)
(4373817,2)
(1835826,1)
(9326504,1)
(4835229,1)
(8380776,1)
(1708999,3)
(673720,8)
(9707187,2)
(5893099,4)
(10730561,1)
(10202008,1)
(962044,1)
(7426433,1)
(10267205,1)
(9660846,1)
(10841441,3)
(75768,11)
(3338583,60)
(5365239,1)
(2519042,1)
(4862553,3)
(10389426,1)
(1439488,1)
(696031,1)
(7471992,1)
(3324786,2)
(628513,1)
(646847,41)
(10351300,2)
(10555881,1)
(9646761,1)
(3479226,1)
(7946139,3)
(6894921,2)
(7272056,1)
(10878838,1)
(5673723,1)
(3365475,1)
(6517019,1)
(10727448,2)
(2079366,4)
(2793868,29)
(6815045,3)
(9324876,1)
(1152297,2)
(769805,3)
(8393880,3)
(2527935,1)
(10435794,1)
(10924007,1)
(8606414,2)
(618613,27)
(5052146,2)
(4506071,2)
(10821443,2)
(10948966,1)
(9091794,1)
(10758570,1)
(7103792,3)
(619757,29)
(397529,9)
(1153746,2)
(10989916,1)
(264319,6)
(9355566,2)
(5703756,5)
(9417026,1)
(2460263,2)
(2763951,3)
(5680194,1)
(3100856,1)
(951767,4)
(10015286,1)
(4860122,1)
(10832531,2)
(10455602,1)
(9508395,1)
(11020504,2)
(5294517,2)
(60412,38)
(2435252,7)
(9739722,2)
(8611562,1)
(3594679,1)
(1281618,158)
(10726142,1)
(9992136,4)
(1508274,36)
(9838975,1)
(3637211,1)
(1011978,53)
(4273926,78)
(398654,1)
(11202359,1)
(2638851,15)
(2659407,8)
(10445342,1)
(5586658,1)
(10948001,1)
(8704163,5)
(9248880,3)
(5490177,1)
(9443621,1)
(3263351,3)
(9461793,1)
(6527829,3)
(1407401,5)
(9805241,1)
(9268284,1)
(9277491,2)
(10261364,2)
(9611561,1)
(3330220,11)
(10933269,1)
(1333313,5)
(2230808,2)
(6934296,3)
(6782916,4)
(10969297,1)
(4008876,1)
(7365666,1)
(7408019,1)
(10697866,1)
(9646879,2)
(9332183,1)
(7513517,3)
(1025324,1)
(8045381,1)
(3185600,1)
(7758435,1)
(10211729,1)
(2472800,1)
(4384707,19)
(11052022,1)
(1190178,13)
(2194214,1)
(7042222,3)
(4194979,9)
(10550859,1)
(8988213,7)
(1494405,9)
(9975045,1)
(10108184,1)
(949779,1)
(10513418,1)
(10430393,2)
(9453477,1)
(1502595,7)
(1917221,13)
(8393646,4)
(10621922,1)
(10875219,1)
(10953410,1)
(8597677,1)
(5063135,1)
(5355375,1)
(1146717,15)
(4809976,1)
(9563051,1)
(10719861,1)
(968237,5)
(10238685,1)
(5755687,1)
(9872797,1)
(10980005,1)
(5591102,1)
(2452802,2)
(9698601,5)
(10683717,1)
(3032645,6)
(4303959,1)
(8958090,3)
(6507119,2)
(7927310,1)
(7290984,2)
(2608007,1)
(10209362,1)
(5370846,1)
(9331319,1)
(5718282,1)
(9277301,8)
(79467,16)
(5897969,1)
(4580565,1)
(8323571,3)
(4165719,3)
(5570150,2)
(6904956,1)
(10546935,1)
(5887159,1)
(10194855,1)
(8612912,4)
(10677002,1)
(9113294,2)
(6787795,4)
(6631878,6)
(10482945,1)
(930067,2)
(9293501,45)
(3061751,17)
(2452343,2)
(1976181,1)
(9636564,1)
(5731278,6)
(1350503,1)
(4079463,2)
(9661520,2)
(11084612,1)
(1523943,1)
(2474673,2)
(4520093,2)
(5388919,2)
(5386524,7)
(6915189,1)
(1088857,2)
(3283052,1)
(9808428,1)
(10165848,1)
(2473232,1)
(7039046,2)
(8764789,1)
(3246378,3)
(6120400,1)
(1361745,1)
(6188064,1)
(3167871,1)
(5797267,2)
(10692726,1)
(7068765,2)
(1861052,16)
(9853374,1)
(6096868,1)
(4208991,3)
(9476409,1)
(4509159,1)
(10837176,1)
(2152373,1)
(4005815,1)
(9326991,7)
(1532,27)
(9252812,1)
(5587233,1)
(8564853,2)
(7518657,1)
(1375542,6)
(5812340,2)
(7998367,1)
(1848787,94)
(2058125,3)
(10712183,2)
(10103099,1)
(2962707,29)
(4630956,1)
(6823622,6)
(5944461,1)
(1906430,1)
(8552478,4)
(11205527,1)
(9470568,2)
(1511865,1)
(8859252,4)
(6784437,11)
(2538113,39)
(2657526,6)
(194975,184)
(9549859,1)
(9752501,1)
(11049918,1)
(2775570,1)
(2145498,3)
(4067808,1)
(11164398,1)
(3034265,6)
(4388082,2)
(4983487,3)
(9561387,1)
(9045957,1)
(4435368,3)
(10720364,1)
(10869711,1)
(653065,47)
(9644088,1)
(3062282,71)
(3937533,3)
(11059593,1)
(11213087,1)
(5590112,1)
(2814422,1)
(5497198,3)
(10767543,1)
(11245325,2)
(9368337,1)
(11304824,1)
(4237250,1)
(10102568,1)
(7164759,2)
(3575094,1)
(10056588,1)
(3527277,1)
(560824,7)
(105955,15)
(3390134,7)
(5992819,1)
(10842882,1)
(8591745,1)
(1920867,1)
(4100008,1)
(5521082,3)
(11008517,1)
(11140808,1)
(1088703,2)
(1938110,2)
(10537926,1)
(11211863,1)
(2684102,1)
(2261589,1)
(11273243,1)
(7270436,7)
(1738185,1)
(8744222,1)
(11139684,1)
(4141904,1)
(932803,1)
(8044094,1)
(5855163,2)
(7074218,1)
(830121,2)
(11113295,1)
(8706206,2)
(2083488,1)
(11208786,1)
(1157409,9)
(7395663,1)
(2389849,1)
(10352507,1)
(628711,87)
(9432371,1)
(9735924,1)
(449279,14)
(95414,1)
(68621,61)
(9786766,1)
(7009049,1)
(9281775,2)
(728855,2)
(10114231,1)
(8316641,2)
(10220936,1)
(8784039,1)
(5552330,1)
(8807178,10)
(8916834,1)
(4699041,3)
(3095466,26)
(11119488,1)
(572795,1)
(10266053,2)
(8878323,11)
(8342895,1)
(10576987,2)
(7440040,1)
(8263604,3)
(5618102,1)
(868508,1)
(2276178,1)
(4076394,4)
(3030214,2)
(8845969,1)
(1761936,1)
(8850765,1)
(1853132,7)
(9049719,1)
(9775975,1)
(10776390,1)
(3003971,9)
(2823431,1)
(2709573,3)
(10276467,1)
(1904450,11)
(29354,25)
(2825529,1)
(36644,1)
(1061423,6)
(8796315,8)
(3248240,3)
(6841082,1)
(9908319,1)
(9431994,2)
(1347723,11)
(11064100,1)
(9667452,1)
(9169086,11)
(3254793,8)
(6887136,4)
(2317604,2)
(10197726,1)
(9267591,1)
(10359663,1)
(9980869,1)
(8711354,1)
(44825,31)
(1661256,1)
(6572225,2)
(36743,46)
(9492186,1)
(2535305,2)
(7948812,2)
(4957981,1)
(662533,26)
(1508120,15)
(993897,13)
(2996601,2)
(10434614,1)
(9390279,4)
(2007932,1)
(5036658,44)
(7724360,1)
(2647860,1)
(9833079,1)
(7420259,1)
(11239377,1)
(7268646,2)
(1208510,7)
(8916221,9)
(1124225,1)
(1190934,2)
(2135408,2)
(1507248,51)
(1060433,2)
(9489090,1)
(8991147,1)
(8920703,3)
(9442172,2)
(9984351,1)
(7534343,2)
(3238197,2)
(4996005,1)
(1052568,8)
(4970463,1)
(10488228,1)
(10031170,2)
(6571730,2)
(8575996,2)
(9815853,1)
(10875057,1)
(6598966,21)
(4966305,7)
(9490016,1)
(8019858,2)
(4146747,2)
(5784955,2)
(10800103,1)
(11127353,1)
(1731975,1)
(10032539,5)
(2266025,3)
(2114140,17)
(6796353,3)
(8712281,1)
(8414714,1)
(403134,1)
(11233030,1)
(10477338,1)
(5537373,2)
(645398,2)
(2713082,1)
(1053107,30)
(9941349,1)
(10373388,1)
(10874562,1)
(10781961,1)
(2291432,2)
(7458267,1)
(3044165,6)
(253663,1)
(9821397,3)
(10831406,1)
(4704233,1)
(4934463,1)
(10363037,1)
(6571037,1)
(8335866,1)
(4939828,1)
(5828073,1)
(7073679,1)
(9196374,2)
(1288738,1)
(10791212,1)
(3224796,10)
(2694912,3)
(6601529,1)
(6707748,1)
(1406015,1)
(518579,7)
(11001749,1)
(8138694,1)
(2981490,22)
(1704272,7)
(10842288,1)
(2767867,61)
(1443041,1)
(2112278,1)
(9033761,1)
(7557014,1)
(6699586,6)
(3098337,19)
(7879413,1)
(1316178,21)
(9367130,2)
(11015348,1)
(10614885,1)
(108565,1)
(8809257,32)
(5571519,2)
(11098266,1)
(897614,4)
(9752493,1)
(4120916,19)
(11002423,1)
(11134030,1)
(9740063,1)
(10464314,1)
(10919797,1)
(9464961,1)
(7675572,1)
(3411095,6)
(10087935,1)
(390896,1)
(7466709,1)
(3474537,84)
(9121060,1)
(4952959,4)
(2460579,3)
(835324,1)
(460889,1)
(7417578,8)
(2720831,1)
(8353884,1)
(2390784,1)
(3125994,2)
(8340527,3)
(8792292,1)
(2170616,4)
(8916122,4)
(2109344,26)
(10243184,3)
(958120,1)
(2035715,27)
(3136370,4)
(9385266,1)
(9908517,1)
(6570902,1)
(10819554,1)
(7425308,1)
(9004303,6)
(9059358,1)
(9334226,1)
(11070851,1)
(9242002,2)
(9781527,1)
(10297103,1)
(1705677,14)
(10634333,1)
(10332482,1)
(994274,4)
(7407164,1)
(8589658,1)
(8734539,1)
(5388397,1)
(2879872,18)
(10768335,1)
(10872906,1)
(4275032,34)
(9696126,2)
(9218135,6)
(9253505,1)
(10614236,1)
(11096385,2)
(1553940,5)
(8316209,1)
(8555682,1)
(7394376,3)
(7608530,1)
(8816547,1)
(9301303,4)
(8685075,1)
(5519292,19)
(3449661,4)
(1951890,2)
(10999104,1)
(1352871,20)
(10219974,1)
(8366556,1)
(1524537,9)
(2187735,6)
(1872203,3)
(46148,12)
(6914595,1)
(2621174,1)
(11043725,1)
(3393357,3)
(256949,19)
(5363141,1)
(2417883,6)
(2332715,1)
(76893,19)
(5080028,1)
(3050050,4)
(9909282,4)
(10597461,1)
(11175431,1)
(3062246,25)
(8466087,1)
(892367,1)
(3024167,1)
(9085205,1)
(6757383,3)
(1804622,14)
(5342090,2)
(5953038,3)
(6783681,1)
(5648000,1)
(6540897,1)
(10820516,1)
(11205211,1)
(1156590,147)
(1350242,7)
(2559912,4)
(9743583,1)
(10453622,1)
(5742627,157)
(10693950,2)
(8559147,1)
(109294,7)
(10080815,2)
(10865319,1)
(6762602,1)
(1032812,1)
(3233651,1)
(6516065,1)
(1509129,4)
(10293693,1)
(6706280,1)
(9584292,1)
(2618501,1)
(9376301,2)
(5768700,2)
(2432499,3)
(11126624,1)
(10862033,1)
(442519,306)
(2058576,3)
(9874920,1)
(8799024,1)
(399149,13)
(452040,24)
(10901336,1)
(9431309,1)
(3332192,3)
(2290992,1)
(3204699,6)
(8515271,1)
(9907167,1)
(10440716,1)
(8905999,6)
(1930451,10)
(1156103,137)
(4583274,1)
(5571492,3)
(228256,20)
(10086233,1)
(8887684,3)
(2460128,4)
(6120752,1)
(10156776,1)
(5537634,2)
(2966299,2)
(723201,1)
(2034527,1)
(7069106,3)
(2957433,4)
(3326829,23)
(4192287,12)
(9443360,1)
(6796669,1)
(738142,1)
(3113627,1)
(7133005,1)
(10041881,2)
(8990319,7)
(10090553,2)
(3156846,2)
(9767343,3)
(2286735,2)
(10607694,1)
(8785065,45)
(10077738,2)
(8973976,5)
(573172,2)
(9930855,1)
(10450715,1)
(5714330,3)
(1443140,17)
(8036336,1)
(1798792,2)
(11106068,1)
(10033961,1)
(1104777,2)
(6629637,18)
(11043428,1)
(870073,10)
(5471628,2)
(2133725,1)
(11257791,1)
(6589542,1)
(2471216,3)
(6559347,6)
(9301141,1)
(4860438,2)
(9221663,1)
(2793354,1)
(7224536,1)
(6892699,5)
(9840567,1)
(10797919,1)
(257975,1)
(1505628,18)
(4248140,4)
(1641302,4)
(3166683,64)
(9873633,3)
(2294556,2)
(4574265,1)
(139057,1)
(6378771,1)
(8759479,1)
(8769874,187)
(3019514,1)
(8444216,1)
(2054822,4)
(10705965,1)
(3265485,1)
(1417392,1)
(9313337,1)
(6617801,3)
(4526646,33)
(8821299,19)
(10105178,1)
(1724135,3)
(9212555,1)
(9664996,1)
(8940657,5)
(751633,1)
(10606091,1)
(8362505,1)
(4152335,5)
(10232519,1)
(6632750,1)
(5508311,1)
(9833736,1)
(10861890,1)
(10486806,1)
(10670171,1)
(9887980,1)
(1367325,2)
(7442732,1)
(9688503,1)
(2948839,4)
(9845201,1)
(5772165,1)
(980837,2)
(5593434,26)
(8937525,2)
(5776279,1)
(10446530,1)
(9585183,1)
(11116922,1)
(4863345,11)
(11134896,1)
(3535043,1)
(3294951,3)
(10502410,1)
(9115139,1)
(3363099,2)
(10327433,1)
(11248485,1)
(3898609,3)
(10940298,1)
(2992083,1)
(2815016,2)
(4892965,4)
(1514321,19)
(4208900,5)
(545713,2)
(1563796,2)
(2643710,1)
(9764634,1)
(1851017,22)
(11047523,1)
(3356312,2)
(8084829,1)
(10074100,1)
(11095241,1)
(9247791,1)
(9659730,1)
(10568715,1)
(9745860,2)
(9869511,1)
(8268708,1)
(8752403,1)
(1947,10)
(2793453,2)
(5577036,1)
(4486812,2)
(536803,31)
(1941459,10)
(3381620,3)
(8643459,1)
(4124291,2)
(1426329,2)
(10779739,1)
(754694,1)
(2237315,1)
(2767353,1)
(5891578,4)
(10250636,1)
(3649443,1)
(424735,4)
(11274071,1)
(2031205,1)
(4864272,3)
(8562161,1)
(9334938,1)
(8935743,1)
(5380034,5)
(7371812,5)
(1207737,11)
(8844311,1)
(2624306,1)
(9540597,1)
(6512627,1)
(9959593,1)
(9580098,2)
(8802489,106)
(10260789,1)
(9333588,3)
(782521,2)
(4126749,1)
(1050984,8)
(5727516,2)
(2783652,1)
(9181686,3)
(10456070,1)
(994887,60)
(4114850,2)
(1016829,3)
(10022639,2)
(2113961,3)
(3780186,1)
(2108057,2)
(1200103,8)
(9258483,9)
(10760676,1)
(6605660,2)
(3256061,1)
(2721920,59)
(9081894,1)
(5580960,1)
(1315070,26)
(5951850,1)
(2300576,1)
(10007627,1)
(355471,1)
(10298841,1)
(8910597,15)
(1788243,1)
(508561,1)
(1850324,58)
(10131539,1)
(642535,1)
(11269888,1)
(4892118,7)
(11163155,1)
(6813623,2)
(1205856,1)
(6713949,1)
(10279077,1)
(6698541,2)
(3057170,1)
(6733848,8)
(4634402,1)
(10328720,1)
(2524569,1)
(10632100,1)
(4713459,3)
(5956305,5)
(8747940,1)
(4766776,1)
(7228848,1)
(7125888,1)
(2389074,5)
(1597555,2)
(1209951,8)
(3994260,6)
(3050014,14)
(10532011,1)
(2794993,1)
(4674813,1)
(1944861,6)
(9828363,1)
(3591852,1)
(2418639,2)
(9187211,1)
(9127910,3)
(1566513,1)
(2411717,2)
(10851855,1)
(10919698,1)
(6885651,2)
(10184504,1)
(9765822,2)
(7825359,1)
(743966,12)
(5331164,2)
(9016076,1)
(10584951,2)
(10982120,1)
(8995990,1)
(9132879,2)
(972791,219)
(4849125,1)
(1507707,2)
(9240121,1)
(5747415,1)
(2055218,32)
(8324110,1)
(28012,38)
(5751573,2)
(9532262,1)
(4248951,35)
(9584616,1)
(6585447,16)
(3227766,1)
(9940593,1)
(111499,7)
(1553742,19)
(4936641,1)
(34169,86)
(10469102,1)
(4471269,1)
(8862906,1)
(9114699,3)
(5969266,2)
(9123257,1)
(1441935,1)
(8571288,273)
(3221834,1)
(2768802,1)
(9174198,1)
(9816609,1)
(2394447,1)
(573136,3)
(10382045,1)
(9000703,1)
(3392565,1)
(1753755,1)
(6582521,9)
(4958160,1)
(3153524,1)
(6706695,7)
(7326245,1)
(1056168,12)
(676682,4)
(2955291,1)
(9883489,13)
(6540905,3)
(10267304,1)
(3777667,1)
(2686632,3)
(8044102,1)
(11003710,1)
(9308720,1)
(404539,7)
(1700339,17)
(2490260,4)
(5067483,1)
(7351418,1)
(503322,129)
(10114709,3)
(691900,1)
(10636368,1)
(1513782,25)
(4353396,2)
(9023528,2)
(710845,2)
(4978023,1)
(4391970,15)
(9222455,2)
(121245,11)
