(2493428,2)
(9674165,1)
(6884796,2)
(2697918,1)
(10631245,1)
(8228963,2)
(8780852,6)
(8274151,5)
(7059638,1)
(124881,47)
(8769495,1)
(3499593,1)
(7083604,4)
(9678378,1)
(2754329,1)
(4711009,2)
(8446664,451)
(6893651,3)
(9320996,1)
(9979888,1)
(9727012,1)
(3370513,15)
(9706277,1)
(4809399,6)
(7597956,2)
(8778053,17)
(1303946,8)
(2316686,1)
(8272072,2)
(9115192,1)
(2502003,2)
(8954471,14)
(9240553,3)
(9697449,1)
(8891534,1)
(7878404,5)
(9242984,1)
(3030231,3)
(10583898,1)
(4504388,1)
(5497971,2)
(3578757,15)
(200264,5)
(8957504,4)
(7490585,1)
(11293376,1)
(10531417,15)
(5479205,4)
(10317316,3)
(8399108,1)
(8247971,4)
(1177028,13)
(2507099,2)
(11161354,1)
(9359859,1)
(7389858,3)
(5765315,2)
(8439987,1)
(7985874,1)
(7475537,1)
(10304446,2)
(1955831,37)
(403115,2)
(3502552,3)
(2560630,24)
(8858496,1)
(10420933,1)
(1501487,2)
(3257285,1)
(8832566,35)
(2516963,3)
(243230,3)
(7999275,1)
(9027398,43)
(1924132,4)
(8715782,1)
(9797538,1)
(4119124,22)
(3047864,1)
(4020907,9)
(9894143,2)
(9508538,1)
(4695576,1)
(4793847,1)
(7096150,7)
(6780043,1)
(10830271,1)
(9012240,1)
(9556490,4)
(2804008,1)
(7476013,1)
(9388929,1)
(9816266,6)
(8807041,1)
(4113508,1)
(6891338,1)
(11063542,1)
(1536236,16)
(6639293,1)
(5153198,1)
(10538276,1)
(2811370,18)
(216195,2)
(10652387,1)
(9712162,1)
(10072750,1)
(6750109,1)
(9764417,1)
(9231607,10)
(10102170,1)
(6602734,2)
(73912,3)
(9167546,1)
(11072650,1)
(3440506,5)
(8310709,1)
(10259753,1)
(7566202,2)
(9314146,1)
(3236044,3)
(8951410,2)
(3656192,2)
(9105418,2)
(6567185,1)
(9672347,2)
(3391240,7)
(1042685,2)
(10378517,1)
(9351983,1)
(4933102,2)
(1015306,6)
(9031014,2)
(9353215,1)
(993625,2)
(413,5)
(9667749,2)
(9907805,1)
(10291793,4)
(1746031,1)
(1444526,2)
(10423480,1)
(7279201,2)
(9298028,1)
(9587108,1)
(6790196,1)
(1536632,1)
(8772932,5)
(3270325,15)
(10666030,4)
(10344901,1)
(10806566,1)
(8190776,1)
(152510,1558)
(9076150,5)
(258883,36)
(10017841,1)
(8797322,1)
(3104932,3)
(3917390,3)
(10037380,1)
(3150634,1)
(2817428,4)
(2204626,4)
(4842176,1)
(119733,5)
(4982874,4)
(2465645,2)
(9738911,3)
(9183449,2)
(6652234,4)
(4256302,1)
(9243721,2)
(5581535,11)
(6412492,1)
(3034796,21)
(9777639,4)
(6709583,1)
(895769,11)
(6716936,2)
(10822090,1)
(11211781,2)
(10223923,1)
(8915825,6)
(10364305,1)
(3354016,95)
(6615398,1)
(6806215,3)
(10465060,1)
(66875,17)
(2204563,3)
(10546240,1)
(10037047,2)
(10460830,1)
(5989506,1)
(5406737,1)
(1558610,3)
(1019357,41)
(1595259,1)
(1928381,2)
(9281891,9)
(5886997,6)
(3519437,5)
(7032240,2)
(7496561,1)
(5315143,1)
(6466925,1)
(3027451,1)
(528504,1)
(9836165,1)
(4345655,1)
(2835347,3)
(9889482,2)
(247407,4)
(53455,1)
(46264,161)
(3293483,1)
(10069475,1)
(1162079,5)
(3351640,2)
(3400942,12)
(4194284,37)
(11263324,1)
(6587598,1)
(7389506,1)
(6912640,1)
(4325080,1)
(9321337,1)
(9536393,1)
(1315727,2)
(2966225,5)
(3564581,1)
(9768369,1)
(4212599,584)
(11121619,1)
(4525475,3)
(9575723,1)
(8958288,1)
(7053805,2)
(1377242,2)
(2263748,87)
(10098031,1)
(9921764,1)
(8461838,1)
(8969420,1)
(9380503,1)
(10962815,1)
(10137,64)
(1354733,20)
(2423290,3)
(3036325,1)
(2662196,33)
(9421778,1)
(8835734,1)
(69908,2)
(10730209,1)
(9601345,2)
(4117540,2)
(406338,46)
(744937,9)
(7417702,1)
(3489440,2)
(3607088,2)
(9969339,1)
(10401664,1)
(10801110,1)
(207744,1)
(454218,3935)
(9067817,1)
(3266294,1)
(1383245,46)
(6755843,1)
(926638,10)
(9086979,3)
(10897764,2)
(7520112,3)
(3367436,56)
(8260769,1)
(1400966,2)
(10965029,1)
(3030781,1)
(6509666,2)
(4222,7)
(10015050,1)
(9264250,1)
(4206794,1)
(5947511,1)
(10923944,1)
(9824582,1)
(10607477,1)
(3306749,1)
(7030,223)
(969280,2)
(1733026,26)
(9662799,1)
(9193349,1)
(254571,1)
(4553357,3)
(4971489,8)
(8520922,1)
(4219510,5)
(10534027,1)
(11193845,1)
(7677533,2)
(3042625,1)
(9324857,1)
(9384356,1)
(9273674,1)
(9915725,1)
(1431719,1)
(10060636,1)
(8860880,3)
(9911215,1)
(3273944,2)
(9158023,6)
(4397432,2)
(8537032,3)
(6526108,3)
(6738419,6)
(8787224,5)
(1863923,5)
(2259879,9)
(1850080,23)
(4209467,6)
(3205967,2)
(516327,2)
(8611381,2)
(7394654,1)
(6833918,1)
(606615,155)
(9089435,1)
(4293743,1)
(7955228,2)
(328939,1)
(3298947,3)
(5132911,1)
(9356889,1)
(2174189,2)
(9562457,1)
(656467,8)
(10351886,1)
(5352485,1)
(2965172,3)
(1508219,7)
(3509988,1)
(1087172,13)
(920959,6)
(9596090,2)
(11056414,1)
(9903386,1)
(8461324,1)
(8853969,5)
(5029187,6)
(3332371,4)
(9713369,1)
(4193294,25)
(1640582,1)
(9194933,1)
(4507295,1)
(2906212,5)
(1832477,29)
(358576,27)
(2182117,1)
(9966611,1)
(10625792,1)
(10926518,1)
(11249159,1)
(497734,2)
(9414587,1)
(10985775,1)
(1506770,27)
(10528574,1)
(10825772,2)
(10143986,1)
(10797224,1)
(1512025,35)
(6813307,1)
(1332142,12)
(9252983,1)
(9920774,1)
(1564352,1)
(6835538,2)
(1220588,9)
(2112754,82)
(9537130,1)
(9339905,3)
(11172703,1)
(10067242,2)
(2869917,10)
(63058,1)
(2451730,2)
(9294013,1)
(9973299,1)
(3746309,1)
(9430732,6)
(9293889,1)
(11155117,1)
(10822964,1)
(9878501,1)
(1952564,1)
(10486823,1)
(2819598,1)
(4581734,1)
(2247485,6)
(8920874,1)
(9536717,2)
(6534839,9)
(404718,8)
(3152416,4)
(11271343,1)
(3327476,7)
(5553752,1)
(8983604,1)
(9052912,1)
(8142599,105)
(2121510,1)
(3554906,1)
(3901379,4)
(6775445,1)
(5905634,1)
(21720,2)
(4700100,3)
(6772970,6)
(8576101,1)
(4831745,23)
(5551637,10)
(7022719,16)
(9045163,1)
(9209107,1)
(5361656,1)
(1226861,4)
(10988646,1)
(4393436,2)
(4956477,1)
(9871670,1)
(1536731,6)
(1069000,5)
(5464094,3)
(10344541,1)
(7575266,1)
(8260390,1)
(4949646,1)
(2035930,1)
(11043904,1)
(30784,166)
(9865073,1)
(3064243,2)
(11043030,1)
(4903006,1)
(7178023,117)
(2090993,1)
(4523756,2)
(9085871,1)
(3511462,2)
(2836535,1)
(9676398,1)
(5060380,3)
(7506181,3)
(7758290,2)
(10374106,1)
(1823152,193)
(2399469,3)
(5502154,1)
(1546884,4)
(2361299,1)
(9201231,1)
(2329402,1)
(2868567,7)
(11292133,1)
(1890400,2)
(10649291,3)
(10348295,2)
(3624061,1)
(3908309,2)
(255624,1)
(271860,14)
(5725968,4)
(5580248,5)
(2495840,3)
(6778866,1)
(8410177,4)
(7014871,1)
(975508,4)
(4692515,13)
(8735131,1)
(9720695,2)
(4945947,1)
(10511095,1)
(10807196,1)
(3559271,1)
(1673667,1)
(4183097,4)
(10175765,1)
(3842276,9)
(7270453,1)
(3114139,1)
(10269095,1)
(7353866,1)
(4944894,3)
(679336,1)
(10924277,1)
(8897628,1)
(5875098,3)
(2763536,3)
(6789008,1)
(10807006,1)
(10613623,1)
(3395552,1)
(1068065,1)
(2262082,13)
(571588,98)
(8314697,1)
(2025120,1)
(1941539,1)
(6926104,1)
(7313004,1)
(2871842,11)
(9667730,2)
(7338656,4)
(9783029,1)
(4287641,21)
(6598037,28)
(10168637,1)
(1023839,2)
(11288877,1)
(9976665,1)
(10500150,1)
(6466862,1)
(10007996,1)
(7139710,1)
(7140466,1)
(10527133,1)
(53851,428)
(5808416,306)
(1146536,2)
(9896079,1)
(1433438,1)
(10599477,1)
(4137359,38)
(6793823,2)
(5072639,2)
(199609,2)
(1707061,1)
(5874314,2)
(9109216,3)
(9530029,6)
(10851160,1)
(1099412,9)
(2087212,6)
(9795693,1)
(11167583,2)
(1871348,1)
(3924130,1)
(9725087,1)
(5497322,4)
(7786730,1)
(420594,19)
(8964074,2)
(3353477,5)
(1154140,6)
(9642331,1)
(9663932,1)
(5903690,1)
(9845237,1)
(1687527,14)
(6530662,1)
(9265097,11)
(10273621,1)
(9309034,1)
(2765156,2)
(7562819,1)
(9789852,2)
(7112548,2)
(2087410,1)
(10758092,1)
(6557681,1)
(3551774,1)
(457620,58)
(9574175,1)
(1047572,7)
(11170822,1)
(4583912,1)
(10729049,1)
(490254,12)
(3932014,1)
(2768775,8)
(9955127,1)
(5515871,4)
(10744240,1)
(9746075,2)
(5029907,1)
(1796009,1)
(9452369,1)
(10212970,1)
(6772277,4)
(7338142,1)
(2597315,4)
(7822865,1)
(4443467,1)
(9997653,1)
(10768965,1)
(7793624,1)
(10932007,1)
(8803540,18)
(7070671,1)
(2766759,3)
(9544277,1)
(692962,5)
(3611218,2)
(8278922,4)
(745927,1)
(8911090,28)
(8918138,4)
(9336421,7)
(1372355,2)
(2974109,10)
(6787622,1)
(5987823,106)
(5884250,3)
(8829272,17)
(6716125,6)
(8312761,1)
(270537,1)
(2937290,152)
(2125426,3)
(10114979,1)
(4168481,14)
(2041177,38)
(2822323,3)
(10153273,1)
(1688715,2)
(11159528,1)
(9306721,1)
(3226342,6)
(10906303,1)
(1515347,95)
(8872760,1)
(6919724,1)
(9457391,1)
(3655562,1)
(5528,26)
(9063956,2)
(9276707,1)
(2879295,2)
(242817,1)
(3233038,6)
(9827417,1)
(1356416,18)
(7390856,4)
(4820459,2)
(8565978,1)
(2071831,1)
(577014,9)
(9752672,1)
(9814943,2)
(4194446,15)
(1181582,12)
(10319332,1)
(3542152,2)
(7047604,1)
(1052882,17)
(2321680,4)
(4906111,1)
(1992560,2)
(1519208,12)
(9276581,2)
(4453268,1)
(9225497,2)
(10974272,1)
(1891599,2)
(10467095,1)
(8758019,1)
(5771769,10)
(4454096,1)
(1741298,9)
(6550165,5)
(8848604,59)
(4072423,3)
(284947,2)
(11255305,1)
(9040771,3)
(10187384,1)
(1564965,3)
(9407693,1)
(10873003,1)
(8769855,2)
(5753435,2)
(986731,3)
(10853717,1)
(671460,4)
(911670,1)
(2821586,2)
(38047,4)
(8083108,1)
(9957495,1)
(10559363,2)
(7523849,1)
(10608467,1)
(10188635,4)
(10671007,1)
(7779080,1)
(4182764,4)
(2334253,3)
(926421,1)
(7275142,3)
(7298723,6)
(922722,3)
(5489655,1)
(9219601,2)
(9898851,1)
(8927480,5)
(10197284,1)
(1049318,13)
(634489,1)
(3525773,1)
(9677784,1)
(9506143,3)
(1372256,1)
(3540730,2)
(10789458,1)
(7370803,2)
(7375880,1)
(10128677,1)
(8368454,1)
(10947498,1)
(9962769,1)
(11291440,1)
(9398153,1)
(7396337,1)
(1505249,3)
(11151553,1)
(4812377,2)
(891718,123)
(2822576,9)
(5731619,1)
(6629951,2)
(6565367,4)
(9403147,3)
(11130268,1)
(4212544,2)
(9725799,1)
(10105456,1)
(10990238,1)
(4697457,4)
(2699222,1)
(7296446,2)
(10664627,3)
(8726023,3)
(5549685,1)
(4942661,1)
(726793,1)
(8290964,1)
(10985423,1)
(8777739,3)
(3590384,6)
(1539558,1)
(10439078,1)
(4963451,4)
(10722460,1)
(1704253,6)
(1062782,4)
(5045431,1)
(9454330,1)
(9537545,1)
(7481161,2)
(3599231,1)
(1222351,31)
(9752573,4)
(3994458,9)
(8275817,10)
(7528222,1)
(10613362,1)
(1951772,6)
(10027381,3)
(7797936,2)
(7376672,1)
(4644932,1)
(4024840,1)
(9911314,1)
(8296481,1)
(7453298,1)
(750363,29)
(7035562,1)
(9444089,3)
(4489043,1)
(735090,5)
(9308297,1)
(11239394,1)
(7090039,1)
(11152705,1)
(8818797,1)
(3902765,3)
(9750692,1)
(5455148,1)
(11098940,1)
(9160462,1)
(88501,9)
(689470,1)
(3568893,1)
(11117434,1)
(2032960,2)
(113045,8)
(11029577,1)
(10973048,1)
(11088996,1)
(2177195,1)
(7256134,2)
(9494958,2)
(9832628,1)
(2290874,1)
(10563746,1)
(9676703,2)
(10429835,1)
(8955722,3)
(10740758,1)
(8172406,5)
(11247674,1)
(174183,15)
(1864193,1)
(8917544,34)
(10114113,1)
(10795442,1)
(4933968,1)
(2822422,1)
(10942259,1)
(8894603,3)
(9723566,1)
(10665400,1)
(3015887,1)
(7289912,1)
(2304850,1)
(5945685,1)
(6514165,4)
(8926058,2)
(10224517,1)
(384225,1)
(1821370,7)
(243285,327)
(8815475,18)
(1640087,1)
(360979,3)
(2049647,1)
(3469758,1)
(2115922,1)
(5579646,1)
(1443789,19)
(6603526,1)
(9548534,2)
(8447591,2)
(9963399,2)
(3309304,898)
(11254810,1)
(10475573,3)
(551788,7)
(3946974,1)
(1448324,6)
(5962875,1)
(4001322,3)
(3033850,1)
(4220761,1)
(11143075,1)
(11315470,1)
(1840045,6)
(4816076,1)
(4277705,7)
(6572107,3)
(9391781,5)
(10320646,1)
(3912151,3)
(3379055,2)
(4816337,1)
(206006,2)
(7380505,13)
(1054529,17)
(10190623,1)
(10705883,1)
(1278954,1)
(7507333,4)
(566773,128)
(3797448,8)
(5414594,1)
(9547599,1)
(282769,1)
(9023743,1)
(7524262,1)
(1722172,5)
(11295716,1)
(617307,4)
(9210817,2)
(9415063,1)
(1849244,38)
(222954,7)
(2515874,7)
(5533259,1)
(9023707,1)
(7778252,1)
(8715386,1)
(695275,2)
(9912557,1)
(2430643,1)
(1756247,10)
(10293025,2)
(11273323,1)
(1365524,8)
(11246134,1)
(10953644,2)
(1628081,2)
(10209604,2)
(7137037,2)
(4402660,3)
(4463960,1)
(2145523,6)
(8748614,1)
(505635,9)
(46363,40)
(7139512,1)
(8271244,1)
(785761,1)
(10324642,1)
(2842538,16)
(2260561,1)
(9409024,7)
(3064801,4)
(10636781,1)
(6590620,1)
(6739382,1)
(9916454,1)
(10261480,1)
(1803415,1)
(10351985,1)
(765826,1)
(10821460,1)
(5888779,20)
(411981,1)
(8900678,13)
(9418745,1)
(3415388,13)
(1461815,1)
(1854356,1)
(10707511,1)
(9932140,1)
(4742131,1)
(1149182,4)
(10730344,1)
(4499196,6)
(4231516,4)
(2085430,1)
(656926,1)
(10157071,1)
(6803498,2)
(1318887,64)
(10131655,1)
(9805420,2)
(1067831,1)
(9347465,1)
(2379515,1)
(11122609,1)
(11205706,1)
(10181254,1)
(10218415,1)
(7323157,1)
(3762149,1)
(1155905,7)
(7334245,3)
(2960447,11)
(3485903,28)
(11145569,1)
(11203168,1)
(2266556,5)
(2475509,1)
(1418165,2)
(2138332,1)
(9413209,1)
(1868612,3)
(10765030,1)
(10566518,1)
(1169892,1)
(9587009,4)
(10965678,1)
(845007,12)
(9225901,1)
(8439275,3)
(4868150,6)
(6882626,3)
(9198371,1)
(9761843,2)
(5030806,1)
(8854797,22)
(8535764,1)
(10421923,1)
(10808087,3)
(8279453,2)
(96935,18)
(10913549,1)
(1830703,1)
(9444782,1)
(3369290,17)
(9875649,2)
(9279119,1)
(6852115,1)
(4999696,1)
