(9012741,1)
(1900323,1)
(7259902,2)
(8676944,1)
(10348958,2)
(2660329,1)
(43399,91)
(5602285,2)
(8583587,1)
(6923888,4)
(1166837,1)
(4946627,1)
(2699165,2)
(8757250,2)
(5458303,4)
(5404230,2)
(11016955,1)
(9101508,5)
(1891289,3)
(855282,3)
(1675472,2)
(1669983,1)
(3122893,4)
(10355077,2)
(6878807,4)
(9897290,2)
(10171602,1)
(7907533,1)
(2823193,4)
(6112143,1)
(3505014,22)
(795315,1)
(1354162,1)
(9505401,1)
(9375749,4)
(1933859,1)
(1752337,92)
(11264202,1)
(7551204,2)
(9236239,1)
(6524016,3)
(10320138,1)
(2270566,1)
(4401126,2)
(175476,9)
(9059939,1)
(10552708,1)
(10562031,1)
(7619759,1)
(10195651,1)
(5802878,1)
(8333205,2)
(1844704,4)
(11243313,1)
(1592573,1)
(10277164,1)
(9823381,1)
(948298,7)
(1768268,1)
(9983807,1)
(5701799,5)
(4712770,7)
(10333800,1)
(4156057,2)
(1014402,3)
(4170123,1)
(10718795,1)
(2895545,5)
(10531701,1)
(11235682,1)
(1070653,1)
(2662606,3)
(3339442,12)
(158231,4)
(9727810,1)
(3221307,2)
(6775784,1)
(10934560,1)
(3547081,1)
(4073400,4)
(4700755,1)
(5795615,3)
(7588970,1)
(1740600,1)
(11037286,1)
(9440322,1)
(10407781,1)
(9692882,2)
(10728505,1)
(8317915,2)
(7250398,2)
(3153583,1)
(11203119,1)
(11090935,1)
(1782389,1)
(871941,1)
(10633861,1)
(6875161,1)
(1581881,1)
(1999271,1)
(6722016,7)
(669621,19)
(902216,2)
(5733578,2)
(5911525,11)
(6805168,4)
(9446191,1)
(3146752,1)
(1732771,5)
(642800,895)
(7785908,1)
(1312483,1)
(10966493,1)
(7881163,1)
(9151,13)
(1206418,1)
(394761,1)
(10208719,1)
(9687536,1)
(7675892,1)
(8342926,2)
(9327201,1)
(479109,1)
(4001012,3)
(6505396,4)
(8272933,1)
(11180926,1)
(4913209,2)
(563718,10)
(904944,5)
(1834345,4)
(10563887,1)
(10574579,1)
(8371988,1)
(8186542,1)
(2793476,1)
(8783116,1)
(11076454,1)
(8543239,1)
(10866269,2)
(6615385,8)
(2207539,1)
(9789083,1)
(925888,1)
(10104219,1)
(4238560,2)
(9882764,1)
(2565325,1)
(4328768,1)
(9273328,1)
(3279269,2)
(8962900,1)
(10842300,1)
(4174039,3)
(3458558,1)
(4088800,1)
(10133974,1)
(409232,3)
(6800839,1)
(5909636,1)
(196662,3)
(10093131,1)
(2469089,2)
(4832939,3)
(10059977,1)
(937155,4)
(4942414,5)
(9691793,2)
(4185839,56)
(101116,5)
(9371734,3)
(3037555,8)
(10265446,1)
(8293723,2)
(11209780,1)
(3127230,44)
(2681416,2)
(2024947,1)
(3918034,1)
(9707812,5)
(9582758,1)
(47340,286)
(10139194,1)
(9832615,1)
(10348084,1)
(1844047,3)
(10132137,3)
(5482577,1)
(8268415,1)
(8728045,1)
(9727117,1)
(1616017,5)
(2977553,1)
(1827055,3)
(94249,3)
(2856575,1)
(1308226,4)
(3567142,1)
(4508236,1)
(10918874,2)
(6293527,2)
(10664669,1)
(1103917,6)
(7025352,1)
(10855676,1)
(8933371,36)
(10552942,1)
(278832,2)
(11236122,1)
(218720,15)
(9718441,1)
(8271907,1)
(10336069,2)
(8539090,1)
(7786538,1)
(2364319,5)
(11129617,1)
(9283921,1)
(5716685,1)
(4122658,2)
(10293562,1)
(4682099,4)
(5426722,2)
(1310250,7)
(10434321,2)
(5354416,3)
(1032439,5)
(11097497,1)
(384627,8)
(395058,1)
(10245646,1)
(10886069,1)
(8575090,1)
(9671759,1)
(1146875,3)
(6955469,4)
(9543634,1)
(3360097,11)
(2384119,1)
(4227274,2)
(2906353,3)
(7454077,1)
(5900770,11)
(575634,1)
(4699721,1)
(585336,8)
(8011969,1)
(9448333,1)
(10754696,1)
(1977617,14)
(9889271,1)
(6907534,1)
(7435069,41)
(9222775,8)
(3114162,2)
(10239706,1)
(10322550,1)
(6877592,2)
(10604719,1)
(2911762,1)
(248222,1)
(1445891,1)
(10848647,1)
(7638000,1)
(9790793,1)
(8577430,2)
(10995761,1)
(11088884,1)
(5468816,3)
(10947881,1)
(2288477,2)
(508449,1)
(3923308,12)
(10231786,1)
(2016090,1)
(11097695,1)
(1001037,1)
(7056718,3)
(3886337,9)
(10147339,1)
(6261072,1)
(10153422,1)
(11291680,1)
(2960173,7)
(9659203,1)
(1311619,8)
(10989065,1)
(10899371,1)
(537618,6)
(1282568,1)
(67140,10)
(4496834,1)
(4795616,1)
(418359,9)
(152200,1)
(9889488,2)
(4627883,2)
(9163276,2)
(1064966,2)
(8763055,23)
(7386820,1)
(6738181,1)
(9839320,2)
(11017846,1)
(5041422,1)
(1590791,5)
(1144804,13)
(7369946,1)
(7505395,1)
(10364284,1)
(4124377,32)
(4817053,2)
(4626659,1)
(9110553,1)
(10231335,1)
(6645382,1)
(10591912,1)
(9515851,1)
(2595971,1)
(7051713,1)
(6445410,1)
(10229383,1)
(7301922,1)
(2990684,1)
(9334131,7)
(9548323,1)
(7308484,1)
(7125081,2)
(782599,5)
(172910,4)
(1197860,11)
(4354516,1)
(10981252,1)
(1293557,103)
(9928123,1)
(10705177,1)
(10341027,1)
(4835134,1)
(10348499,1)
(10209349,1)
(8424475,1)
(2327879,1)
(1780615,1)
(9720907,1)
(103484,1)
(10122336,1)
(4885346,2)
(9873917,1)
(10523737,1)
(3462625,1)
(2810034,27)
(1184701,9)
(9006207,11)
(9588077,6)
(4176316,1)
(8355021,1)
(5669921,2)
(4095785,1)
(10242063,1)
(2129662,2)
(6567785,6)
(2562715,4)
(603470,55)
(2474380,2)
(9073032,1)
(433055,182)
(9716876,1)
(8253763,4)
(10313046,1)
(3494657,1)
(10066258,1)
(9252673,1)
(432975,81)
(4397276,7)
(10124910,1)
(4953692,1)
(903756,91)
(2612782,2)
(9031812,1)
(2871235,2)
(10023570,1)
(5897973,1)
(10378405,1)
(65971,65)
(366087,1)
(1122510,17)
(10821565,1)
(9243213,1)
(1454314,3)
(604361,46)
(9097900,1)
(9076615,1)
(5970034,2)
(4538585,1)
(3654424,2)
(1001631,3)
(9582244,1)
(6795845,3)
(10398205,2)
(1583663,1)
(792499,5)
(5524273,3)
(4693349,50)
(7794601,1)
(10745371,1)
(7225549,1)
(4869498,17)
(2786744,1)
(7106730,6)
(1199309,4)
(9672884,2)
(10522387,2)
(9611034,7)
(2698274,3)
(6897653,1)
(2173807,1)
(10997444,1)
(3237670,8)
(2661715,52)
(607331,1)
(3071520,8)
(10766521,1)
(9452158,1)
(8817758,6)
(3007855,11)
(8826910,1)
(1564141,17)
(423056,43)
(5478004,3)
(9526840,5)
(10220283,1)
(6535159,55)
(2288675,57)
(1728253,1)
(8898245,1)
(2094940,1)
(3184534,9)
(4864358,3)
(4527442,7)
(741558,34)
(10738892,1)
(334316,2)
(9886012,1)
(1498163,16)
(7427383,11)
(9784952,1)
(8958176,1)
(11210607,1)
(4164634,1)
(9438136,1)
(9115503,3)
(11159001,1)
(1318874,11)
(1916092,1)
(9457856,5)
(10390546,1)
(9142747,1)
(10353619,1)
(6643726,10)
(656292,2)
(6911719,2)
(2319706,1)
(9694114,1)
(1720558,1)
(420798,494)
(9482966,5)
(11187334,1)
(10434637,1)
(575337,3)
(10545003,2)
(83007,1)
(1331004,10)
(2509679,8)
(601003,35)
(9708299,1)
(8947231,1)
(1036930,1)
(9089738,5)
(5059649,1)
(8615806,1)
(9202821,3)
(9268568,1)
(9383768,2)
(3350340,9)
(6736976,8)
(1788626,1)
(10851427,1)
(7068021,4)
(8779698,268)
(4970332,25)
(10060975,1)
(4426525,1)
(593553,1)
(10334944,1)
(9292985,18)
(10713754,1)
(6585019,16)
(3007080,1)
(1208786,66)
(9529153,2)
(92511,1)
(9018989,2)
(8850733,27)
(425432,6)
(9871739,1)
(9921454,1)
(732747,4)
(8680967,1)
(10157833,2)
(8815228,70)
(1200577,5)
(10643860,1)
(1204636,6)
(4808305,1)
(1436585,1)
(9773611,1)
(2452825,1)
(5744017,1)
(1973503,1)
(9191653,1)
(4830508,19)
(11050227,1)
(1971163,2)
(4581938,5)
(8472102,30)
(9662489,1)
(9934874,1)
(2453716,2)
(10695692,2)
(9345373,1)
(3998496,1)
(4804796,1)
(2894456,14)
(2385640,1)
(680321,11)
(9781432,1)
(4151115,8)
(425784,1)
(10248201,1)
(10934722,1)
(11248192,1)
(290360,20)
(11169569,1)
(7564462,1)
(9154069,1)
(10329139,1)
(1703926,3)
(1499315,53)
(934905,56)
(2032768,3)
(10846667,1)
(9377413,1)
(1705898,30)
(3279827,4)
(7130319,5)
(6826552,1)
(9139192,1)
(1320925,1)
(993810,3)
(3444805,1)
(4210100,1)
(10811962,1)
(5990898,3)
(10759745,2)
(10838530,1)
(10624041,1)
(8952181,9)
(4226608,25)
(10915390,1)
(9914461,1)
(3006090,3)
(8967897,1)
(965686,1)
(9657476,1)
(8811268,1)
(10061253,2)
(9852668,1)
(70173,1)
(1433560,17)
(10155600,1)
(6928775,1)
(3098602,2)
(9363391,5)
(5481271,5)
(4370950,1)
(10575811,1)
(6753968,1)
(1025644,1)
(2355742,1)
(8347651,1)
(2881883,1)
(4572929,12)
(9080179,1)
(8837701,19)
(9235780,1)
(9883402,19)
(10016343,2)
(10411353,1)
(2111814,1)
(5417966,13)
(7591750,1)
(8853703,11)
(6630702,6)
(259824,1)
(2538785,2)
(1212691,7)
(4882376,1)
(76050,2)
(7814374,1)
(7610541,1)
(4123288,15)
(11016180,1)
(11234304,1)
(9376775,1)
(2897877,84)
(9177848,1)
(5109922,1)
(9213964,1)
(9860533,2)
(949035,28)
(3049886,1)
(3908882,8)
(4667843,1)
(6808372,2)
(3939077,1)
(8441214,6)
(4003641,1)
(9823309,2)
(1213186,9)
(10590823,1)
(8259992,1)
(7567036,1)
(7100718,1)
(1562576,18)
(9624968,1)
(8952406,1)
(9344608,1)
(2031426,1)
(245766,1)
(8610342,2)
(1367997,1)
(3063240,1)
(7484588,1)
(9647279,1)
(9540961,4)
(11102021,1)
(3200193,1)
(8342313,1)
(3163447,37)
(3529838,1)
(235190,2)
(237684,1)
(1311259,1)
(9380185,4)
(10291681,1)
(5494600,2)
(9878859,3)
(8818171,3)
(5381380,2)
(1281424,2)
(1217407,3)
(6615132,6)
(10987805,1)
(527619,2)
(2706788,1)
(251002,3)
(4007296,3)
(9769904,2)
(3176254,5)
(3930788,1)
(8354284,1)
(9138977,1)
(10024876,1)
(6614007,10)
(10067347,1)
(9660715,3)
(1339411,1)
(4470940,1)
(4415220,38)
(2989631,1)
(2988308,1)
(8794600,2)
(4011011,2)
(4438405,2)
(2409832,2)
(1127966,1)
(7493308,1)
(11295497,1)
(1062634,1)
(1215562,1)
(1206193,10)
(3185524,2)
(1265837,2)
(9565766,1)
(10289657,1)
(5002650,1)
(11152387,1)
(4836773,1)
(1798012,1)
(9421314,1)
(9055924,1)
(2919025,1)
(9556595,2)
(8611486,1)
(9894347,1)
(8398042,2)
(9375334,1)
(10059724,1)
(8705789,2)
(9715534,2)
(11120968,1)
(11202822,1)
(9407699,1)
(5495032,3)
(1746370,8)
(9462454,1)
(10229086,1)
(10054774,5)
(2672759,2)
(8873,23)
(5966228,1)
(33859,1)
(9767465,1)
(10012347,1)
(10837243,1)
(5967515,7)
(8894744,2)
(1469813,15)
(9315835,2)
(446475,1)
(507558,2)
(245450,15)
(706287,1)
(3103849,1)
(3761957,1)
(463115,1)
(8071053,1)
(8868608,4)
(1936252,1)
(4360852,3)
(968359,4)
(9220407,1)
(2457550,1)
(4944232,2)
(10707715,1)
(10604755,1)
(6597999,1)
(1142923,6)
(3058804,20)
(9234790,1)
(1837450,3)
(11236636,1)
(3391246,29)
(3511611,1)
(9235131,1)
(6623214,2)
(6612838,1)
(7595729,1)
(729354,1)
(4944881,98)
(9801411,1)
(7591552,2)
(1768961,1)
(1031548,1)
(8308546,1)
(5550832,10)
(4577140,1)
(10882829,1)
(9642733,2)
(661926,22)
(231158,13)
(1954135,1)
(9003020,1)
(9995877,1)
(384564,57)
(9509515,1)
(6704287,1)
(625467,8)
(9492316,2)
(410843,196)
(4150936,1)
(2237220,1)
(8982098,1)
(4947491,8)
(3517741,7)
(10809262,1)
(8700748,1)
(11170927,1)
(9576656,9)
(5830282,1)
(9009961,1)
(10673678,2)
(2005326,1)
(1111837,13)
(2415222,2)
(9916045,1)
(8313559,4)
(7056655,5)
(9012796,2)
(267807,9)
(9842100,1)
(4973852,1)
(3385199,134)
(4249667,1)
(3184949,1)
(10437049,1)
(10674514,1)
(4484206,1)
(10364798,1)
(1988796,3)
(9559727,1)
(1147054,3)
(4846079,1)
(11111148,1)
(1348123,1)
(10982756,1)
(10131903,1)
(9145753,2)
(2491831,1)
(1789201,1)
(11215747,1)
(9165003,1)
(1667219,26)
(3429488,40)
(3474244,1)
(6613251,1)
(8905057,33)
(10567784,1)
(2802466,1)
(10240308,1)
(7057843,2)
(2619613,1)
(5745890,2)
(8466019,2)
(7286272,3)
(10679294,1)
(5186053,1)
(10708895,1)
(9320488,3)
(8391535,1)
(3377224,3)
(8881027,1)
(10556858,1)
(672258,1)
(4934846,3)
(3572416,1)
(9474785,1)
(5784013,1)
(4411873,50)
(10867952,1)
(3223774,1)
(9297520,1)
(10243369,2)
(7172449,6)
(754725,2)
(10200609,1)
(8675198,1)
(2333629,2)
(3088559,1)
(10933570,2)
(9789047,1)
(5453317,1)
(9853207,1)
(9975879,1)
(8950264,4)
(2187640,1)
(1785296,1)
(2814940,1)
(2638423,2)
(9805426,1)
(11031192,1)
(9066058,9)
(879501,1)
(4870207,4)
(1754092,1)
(7257661,7)
(8895635,4)
(1859942,2)
(1428313,11)
(7108369,1)
(3932290,1)
(9941966,1)
(2089946,1)
(6510769,6)
(4935179,1)
(6826291,127)
(3569177,1)
(1357880,8)
(9740130,1)
(7254655,2)
(9983681,2)
(10881479,2)
(187491,5)
(1938809,1)
(9006243,1)
(5598443,1)
(5830804,1)
(10754146,1)
(2423656,4)
(10050660,1)
(5950333,32)
(1500583,56)
(752,8)
(11119159,1)
(3259513,1)
(5504374,1)
(8262970,2)
(6745237,2)
(8860372,8)
(9257029,1)
(9254491,10)
(1483934,3)
(4940687,12)
(8566603,1)
(10019016,1)
(9767069,1)
(933005,3)
(11069623,1)
(2680561,1)
(2387125,1)
(10737929,1)
(8362212,1)
(3338515,1)
(10945711,1)
(5911660,1)
(2638261,1)
(10244296,2)
(5947256,1)
(2514574,1)
(5922929,1)
(7577549,4)
(7068337,3)
(9793862,1)
(3857762,1)
(9867617,1)
(7271430,1)
(1305193,5)
(2286181,2)
(186366,13)
(8921969,16)
(1306309,15)
(1382440,26)
(1814743,1)
(9643110,2)
(10159002,3)
(5468294,1)
(3593297,6)
(10913635,1)
(3123531,2)
(1585698,4)
(8982359,1)
(4276045,1)
(7251946,1)
(7581869,2)
(2345031,2)
(10263763,1)
(256791,9)
(2878490,16)
(9650040,4)
(8011158,1)
(8999324,1)
(2565361,1)
(316532,1)
(624422,1)
(10850671,1)
(4723921,1)
(10713204,1)
(3459386,2)
(3249316,1)
(543440,3)
(2539162,25)
(3241206,2)
(9578320,2)
(7380709,1)
(8347967,1)
(9870686,2)
(5726747,6)
(3461572,1)
(8060325,1)
(2691910,58)
(39673,41)
(617547,4)
(6919315,2)
(1477733,3)
(2408842,3)
(149123,21)
(376905,1)
(5966723,2)
(7052109,2)
(11224495,1)
(3203721,1)
(11302290,1)
(4507147,1)
(9525058,1)
(1367843,5)
(24336,11)
(5365081,2)
(9579824,1)
(8907631,7)
(8607878,1)
