(10791717,1)
(3168753,1)
(9121565,4)
(6548844,2)
(3572475,17)
(9886648,1)
(4389423,3)
(446083,162)
(136889,6)
(3892957,1)
(2659489,2)
(10662404,2)
(2753132,1)
(10746997,1)
(10678948,1)
(10668039,1)
(9052364,1)
(285433,4)
(10289661,2)
(982033,1)
(11000731,1)
(9203988,1)
(1713335,1)
(3997474,13)
(10676292,1)
(9083090,1)
(11271119,1)
(741229,37)
(9705143,1)
(3613541,1)
(1679969,4)
(10002965,1)
(5382104,1)
(11127542,1)
(9830108,4)
(10449807,1)
(5415954,1)
(7804280,22)
(10759218,1)
(1629694,1)
(2515785,1)
(1349631,1)
(8710968,1)
(8450804,2)
(2161788,2)
(8700040,1)
(795635,1)
(6888414,2)
(9314192,1)
(2249673,2)
(1956075,4)
(9501310,2)
(9506469,1)
(1642572,21)
(9159573,1)
(9365619,1)
(3043526,6)
(4682625,14)
(3996781,1)
(8278572,18)
(4830413,1)
(10837167,1)
(3004556,2)
(10677246,1)
(5061803,4)
(786563,2)
(4221365,3)
(10040684,1)
(4867882,1)
(4569892,1)
(4414154,34)
(8391918,2)
(7503347,1)
(6818754,5)
(2208984,23)
(9704450,1)
(194100,3)
(11105014,1)
(9258636,1)
(9515478,2)
(4721928,1)
(4383609,1)
(2448924,15)
(8322220,3)
(7445270,1)
(2634909,2)
(1555100,3)
(10340456,1)
(5405801,5)
(571345,1)
(10658120,1)
(10699972,1)
(11149223,1)
(7819482,1)
(5498674,1)
(10981987,1)
(5728687,1)
(7141664,1)
(9923817,2)
(7328090,1)
(6784563,7)
(7280778,1)
(7821335,14)
(3585408,1)
(9288020,2)
(9495147,1)
(4624449,4)
(8404085,1)
(8830893,1)
(10845582,1)
(7948407,1)
(8809644,1)
(3565743,1)
(4381863,1)
(7450904,1)
(811555,1)
(2485095,1)
(4122626,3)
(10761080,1)
(1984353,2)
(2238486,1)
(5870562,3)
(4793992,1)
(9213734,1)
(2658282,1)
(8941421,61)
(7746582,1)
(11027057,1)
(6533345,6)
(6715505,4)
(6783537,1)
(2300567,3)
(3357843,3)
(3474014,24)
(5451954,2)
(4397406,1)
(7273433,2)
(9377139,3)
(8342174,1)
(7965435,1)
(3388335,7)
(16772,8)
(1550961,2)
(9416126,1)
(10060385,1)
(10709619,1)
(3030197,1)
(9215813,1)
(9458319,1)
(7814595,5)
(289330,9)
(2713389,1)
(9872670,10)
(9055334,1)
(5766414,1)
(11059944,1)
(1004426,1)
(4157529,5)
(9694786,1)
(9615864,1)
(4376157,1)
(1439776,1)
(6868416,3)
(2847174,3)
(9201340,2)
(1320236,6)
(2497272,2)
(9191063,2)
(10775913,1)
(5660781,2)
(9773274,5)
(2036787,19)
(46175,152)
(9313111,2)
(6924134,1)
(4524099,3)
(7055174,1)
(1922162,2)
(3009795,6)
(981755,114)
(1797540,1)
(10661568,1)
(4713233,1)
(3295932,1)
(9967116,1)
(8880159,1)
(8971121,1)
(7279211,1)
(9135560,3)
(10663386,1)
(9776109,1)
(6612806,1)
(9778260,1)
(5397793,19)
(3290289,2)
(958823,12)
(9526467,1)
(7232582,1)
(8956128,7)
(9621867,3)
(9953003,1)
(10918383,1)
(11267646,1)
(1585710,13)
(5674704,39)
(23611,6)
(8776281,6)
(5253891,1)
(10730516,1)
(160008,1)
(4706204,2)
(9744762,1)
(2496642,1)
(1282734,1)
(2100271,1)
(9124238,4)
(9767749,1)
(10047001,1)
(5900793,1)
(8851331,1)
(9282080,2)
(1031219,6)
(6604265,56)
(9163244,2)
(4058664,1)
(1184823,4)
(10316930,1)
(1189116,1)
(2293494,1)
(6544730,1)
(2213285,1)
(4806032,1)
(9350093,10)
(2357187,2)
(9519078,2)
(4746868,1)
(3470829,4)
(6803156,4)
(3393645,2)
(1778037,1)
(900556,1)
(7087566,4)
(9595371,2)
(6613120,2)
(1592802,1)
(9823467,2)
(10492935,2)
(6719501,2)
(4853535,2)
(1502784,116)
(10850243,1)
(7782546,1)
(728170,11)
(4861202,6)
(5600985,1)
(9057017,1)
(4837470,1)
(8609925,2)
(11035571,1)
(2414057,1)
(10250960,2)
(8594544,1)
(9045948,2)
(11095070,1)
(64553,4)
(10730156,1)
(5031941,1)
(9522353,1)
(7614263,1)
(1609894,9)
(9832935,4)
(10337379,1)
(9122302,3)
(10582511,8)
(6449745,1)
(10285827,1)
(7119524,3)
(9755715,2)
(9025373,3)
(229688,10)
(8978917,3)
(637469,2)
(9952626,1)
(9383538,2)
(48551,290)
(2078312,9)
(7429584,2)
(10350257,1)
(2252156,1)
(7145066,1)
(6537107,1)
(1824413,6)
(9208721,1)
(10903497,1)
(620647,1350)
(9589189,1)
(7577003,1)
(949968,6)
(4216415,8)
(10483250,1)
(9503705,1)
(10715892,3)
(439414,1)
(9392088,1)
(10466439,2)
(6756708,1)
(4846803,1)
(3379524,1)
(3950952,1)
(2486805,4)
(10925079,1)
(3237918,4)
(5472645,2)
(498888,1)
(9401339,1)
(1642374,97)
(8835131,13)
(1220345,158)
(9658533,1)
(1045511,5)
(9805331,3)
(9144632,1)
(2961447,1)
(1210959,1)
(3034391,5)
(11138171,1)
(2593167,2)
(642166,11)
(8335659,1)
(10321808,3)
(1308807,10)
(1808466,2)
(4933923,22)
(1713588,3)
(10381695,1)
(11253434,1)
(3588829,2)
(10948957,1)
(2625161,1)
(5350361,8)
(5759377,3)
(10250069,1)
(5475390,1)
(7814540,1304)
(1032597,2)
(2130980,1)
(6750614,4)
(10545774,1)
(4626050,35)
(9245865,2)
(3587839,5)
(8790410,1)
(9358112,7)
(298006,3)
(2382693,1)
(10743477,1)
(7497624,1)
(5291277,1)
(2438763,1)
(4358887,1)
(4118441,2)
(9227748,10)
(3260174,1)
(1519966,2)
(8807664,1)
(5335269,18)
(8458950,2)
(10617530,1)
(1237662,43)
(178667,5)
(10649779,1)
(772667,24)
(5213697,1)
(3652566,2)
(9273981,3)
(8315246,11)
(9574509,1)
(399220,2)
(9911522,1)
(8379057,1)
(8837878,14)
(11164631,1)
(6533598,1)
(8338827,1)
(428777,6)
(10322870,1)
(257191,2)
(8821037,1)
(2128505,2)
(9982326,1)
(11124220,1)
(1724423,1)
(10484097,2)
(4043327,10)
(8329557,2)
(221361,2)
(6738663,10)
(8561973,1)
(1748634,1)
(11142400,1)
(8691168,1)
(8814693,90)
(10903406,1)
(2070914,2)
(10123033,2)
(9216542,1)
(7783770,1)
(1809005,9)
(593477,3)
(6897360,2)
(9834816,1)
(942631,1)
(8771042,7)
(9980904,1)
(2071283,1)
(2177213,7)
(1497493,1)
(9253334,1)
(1939498,4)
(2793309,1)
(11193693,1)
(10594031,1)
(260980,1)
(2518719,3)
(4437933,14)
(1285083,3)
(1977577,6)
(10499802,1)
(4524756,5)
(11096376,2)
(1644101,1)
(7636719,1)
(10650939,2)
(9387534,2)
(1097208,3)
(10800806,1)
(9068105,1)
(9788971,1)
(2348123,1)
(11246441,1)
(509957,1)
(10242707,1)
(5546832,1)
(2102765,2)
(10209218,1)
(10262246,1)
(1662174,2)
(2776966,1)
(4999390,1)
(1442592,6)
(9178806,1)
(9315993,1)
(1780520,6)
(6513581,1)
(9729354,1)
(9527619,1)
(465929,2)
(3908058,1)
(7365440,1)
(7261454,1)
(7582629,1)
(3419952,2)
(5456797,1)
(7236399,1)
(11216499,1)
(7395500,1)
(5829117,2)
(10180139,13)
(544390,5)
(2175846,9)
(63662,3)
(4942734,4)
(4067178,24)
(9293231,2)
(663055,7)
(134692,8)
(2780538,3)
(926189,7)
(9749091,3)
(8630624,1)
(2237856,1)
(5773696,1)
(2871456,17)
(108457,4604)
(2493375,1)
(9058359,1)
(151035,1)
(9038559,2)
(5021807,1)
(11291865,1)
(5758747,5)
(2494662,1)
(8612642,2)
(426896,1)
(4372197,2)
(6745296,1)
(7544784,2)
(2169645,1)
(10859082,1)
(2883471,9)
(9272441,1)
(618794,71)
(9075,107)
(1703075,3)
(4421309,4)
(4207082,1)
(10342139,2)
(9453512,2)
(10430744,1)
(8895207,1)
(9923105,2)
(3518718,1)
(3106977,2)
(9877576,1)
(10081986,2)
(2072930,2)
(3086709,1)
(8456736,2)
(1661382,2)
(7409531,3)
(9113582,3)
(925045,1)
(6562019,8)
(7284972,1)
(1605898,3)
(1646631,7)
(5362601,3)
(10622480,1)
(9525161,2)
(9067665,13)
(9075882,1)
(160701,221)
(1803010,535)
(9546762,1)
(4876792,17)
(7277448,4)
(8945436,1)
(1030265,1)
(4395976,2)
(9715007,1)
(2450291,1)
(4865668,2)
(4571899,1)
(953738,1)
(9042266,14)
(8998492,5)
(4372043,4)
(2773680,1)
(10373423,3)
(8948280,4)
(1234601,13)
(3918390,4)
(10282109,1)
(196586,1)
(10673844,3)
(10432661,1)
(1955607,18)
(5461296,5)
(2324011,2)
(4946785,2)
(5482482,1)
(9113997,1)
(7277899,1)
(9973353,1)
(1758985,9)
(1371933,1)
(7503149,1)
(9336909,1)
(4013113,4)
(11014709,1)
(10083056,1)
(8293584,1)
(11032727,1)
(10110839,1)
(1968216,1)
(4976908,20)
(10354767,1)
(9038801,1)
(7315346,1)
(1235583,3)
(8298886,1)
(8393970,1)
(9887872,1)
(7031521,1)
(10693446,1)
(10424642,1)
(3386157,15)
(9796990,1)
(8903540,1)
(3240275,7)
(16637,31)
(10571775,1)
(10372136,1)
(11248836,1)
(4557426,3)
(9970897,1)
(9793849,3)
(10614010,1)
(10288987,1)
(9355719,1)
(8299461,7)
(6617432,30)
(10990446,1)
(46571,103)
(9194448,2)
(9691167,2)
(7203377,2)
(10115311,1)
(9362289,1)
(8366385,2)
(8764527,1)
(1652373,1)
(10043915,1)
(4977538,1)
(8101568,1)
(7942214,4)
(10171779,1)
(10506650,1)
(11098752,1)
(4997789,1)
(8567616,1)
(9014131,1)
(9286950,1)
(6923144,4)
(2326442,22)
(11286393,1)
(781775,15)
(2909706,2)
(10565060,1)
(2695948,1)
(10675068,1)
(9253848,3)
(9763437,1)
(5519607,1)
(2927625,1)
(4585894,1)
(2231861,28)
(5399935,1)
(9122915,2)
(299898,16)
(4411599,10)
(3384771,165)
(9247548,11)
(8910173,2)
(9576327,1)
(6610015,1)
(4543115,1)
(5525088,1)
(11030882,1)
(948167,2)
(429910,2)
(8334119,1)
(10548843,1)
(2653917,1)
(10302278,1)
(5717643,1)
(10885443,1)
(9244523,1)
(9136253,1)
(5563068,1)
(5718020,1)
(9882831,1)
(4788330,2)
(4228746,1)
(9044444,3)
(6549078,1)
(5603207,1)
(9099741,5)
(8464197,1)
(122127,13)
(10058658,1)
(2117552,2)
(11169870,1)
(5892694,3)
(9835383,1)
(9981471,2)
(10177755,1)
(9335540,7)
(2168457,9)
(1673424,2)
(10239512,1)
(8307975,1)
(5518301,3)
(9621669,2)
(3638085,2)
(5382654,13)
(11247585,1)
(8946228,8)
(113712,1)
(2519709,1)
(6511529,1)
(11177853,1)
(9818102,1)
(956131,6)
(9334550,1)
(3662628,12)
(3343235,1)
(6598146,14)
(10032115,2)
(11198805,1)
(9407513,1)
(9579982,9)
(8345540,3)
(10844006,1)
(10096124,1)
(568826,4)
(13054,516)
(33610,4)
(9693606,1)
(6247848,1)
(7280363,1)
(9404048,1)
(4009659,1)
(139958,6)
(7044699,1)
(508192,22)
(5802189,7)
(4140680,1)
(11229567,1)
(7814180,1)
(8333561,1)
(9629328,1)
(8827211,1)
(9889302,1)
(6943241,1)
(8780826,3)
(2466230,7)
(7366683,2)
(9041870,1)
(6785193,13)
(9757137,1)
(7739292,1)
(9166368,6)
(2596786,1)
(10388779,1)
(3086781,1)
(4866991,4)
(5410968,1)
(9975171,2)
(7390415,1)
(3641261,1)
(2502761,2)
(10239369,1)
(9648336,1)
(10340258,1)
(8863626,1)
(969001,15)
(8710490,1)
(8450183,2)
(9852221,1)
(4868575,6)
(7839381,1)
(2958414,31)
(2095719,1)
(172870,1)
(2713433,1)
(10123132,1)
(11133284,1)
(9005870,38)
(1172448,8)
(9087861,33)
(2061581,1)
(9686118,1)
(10283748,1)
(8457410,6)
(9635213,1)
(9916310,1)
(634183,2)
(10201702,1)
(9134138,2)
(684656,1)
(3934040,1)
(26276,6)
(5476380,10)
(7272696,6)
(9457879,2)
(4053362,1)
(10728924,1)
(5715762,1)
(7520276,1)
(9558741,1)
(1105497,1)
(10110028,1)
(3121475,7)
(11300206,1)
(10167558,1)
(10339854,1)
(1234197,1)
(6735198,1)
(8684788,4)
(5668495,1)
(11050844,1)
(7603733,1)
(7810085,1)
(1519191,2)
(1158110,8)
(10506353,1)
(9893127,1)
(8929489,1)
(1348146,62)
(10315346,1)
(2677100,5)
(10590684,1)
(7413851,1)
(9138431,2)
(2113097,2)
(5476759,1)
(4240571,1)
(8330519,2)
(10903244,1)
(11157602,1)
(299384,2)
(9982128,2)
(2049954,10)
(11219090,1)
(1504250,149)
(4474211,2)
(8791400,73)
(6547494,1)
(67064,3)
(9371306,3)
(11164730,1)
(4105238,1)
(9882985,1)
(4047477,1)
(9463151,3)
(8756995,1)
(6786859,2)
(9072560,1)
(7468590,1)
(10216706,2)
(9305958,1)
(10480640,1)
(10327028,1)
(6552515,3)
(752551,45)
(6799512,1)
(5337087,10)
(11117796,1)
(963061,35)
(9765390,1)
(543328,3)
(8557095,7)
(5253558,2)
(1087182,4)
(7214825,1)
(6943791,6)
(9160832,1)
(8954643,1)
(6053225,1)
(9284060,1)
(2316308,5)
(9228774,1)
(248858,19)
(2817438,1)
(11267943,1)
(4900659,4)
(1709628,4)
(9973452,6)
(10167990,1)
(9874001,1)
(6194193,1)
(10462361,1)
(8238422,2)
(9811037,1)
(10824440,1)
(10540472,1)
(10779513,1)
(1815701,6)
(10396806,1)
(10567356,2)
(1191753,4)
(4536221,3)
(9028794,1)
(2159330,1)
(608902,1)
(6645053,24)
(7290777,1)
(564154,27)
(3916671,1)
(5969653,1)
(3078528,1)
(1914341,10)
(3368472,6)
(122776,2)
(4373808,1)
(6689677,1)
(4014617,1)
(2258448,3)
(9675660,1)
(5798383,1)
(11074794,1)
(1971348,1)
(11004980,1)
(8461488,1)
(7821588,1)
(10379715,1)
(3413679,17)
(2693256,1)
(3481755,1)
(3917265,1)
(8453711,1)
(1700979,2)
(8355495,2)
(4302482,41)
(2087538,3)
(3612452,4828)
(2936832,8)
(8470703,1)
(2347782,1)
(10453668,1)
(3885216,4)
(10476276,1)
(9375690,1)
(10084145,3)
(9385356,1)
(3409593,2)
(5379775,17)
(1772691,1)
(9094296,1)
(10043500,3)
(9821289,1)
(10635215,1)
(9761006,2)
(9927453,1)
(613294,11)
(1558639,1)
(5901981,1)
(3673851,1)
(1535652,2)
(9758460,6)
(9447726,1)
(4948215,1)
(10863267,1)
(346192,2)
(10149125,1)
(10334093,1)
(11256558,1)
(11243372,1)
(2519088,4)
(6644478,2)
(172320,12)
(8864968,2)
(9926562,1)
(1220796,9)
(9679062,1)
(3118794,1)
(7598109,1)
(6520178,2)
(7669461,1)
(9686569,3)
(9137441,2)
(387340,1)
(5498520,5)
(8827428,18)
(10823513,1)
(3919858,1)
(8611913,1)
(1309833,7)
(1856643,1)
(2676066,1)
(1202561,13)
(839410,8)
(10400233,1)
(10030685,1)
(1966786,1)
(1629991,3)
(9605469,1)
(3193665,2)
(9001063,1)
(3910280,22)
(7053103,2)
(5584713,1)
(10904487,1)
(7138532,1)
(10993001,1)
(9190136,3)
(2610671,1)
(1452159,1)
(2012837,5)
(2778748,2)
(10584708,1)
(10879756,1)
(2804216,3)
(5418429,2)
(10534749,1)
(9937191,1)
(9728823,1)
(10302160,1)
(8717673,5)
(9027191,1)
(1827834,1)
(10422662,1)
(10527396,1)
(6598759,6)
(10399768,1)
(10965787,1)
(10499343,1)
(5883649,2)
(9755652,2)
