(9490592,1)
(2828,1)
(9543791,1)
(9890967,1)
(2295734,2)
(1145393,12)
(581541,2)
(3031032,1)
(3998562,1)
(9409448,1)
(7101450,4)
(5490824,1)
(2433424,1)
(1042441,25)
(7113385,4)
(10306336,1)
(1977936,1)
(3284546,5)
(3892956,1)
(4504108,3)
(4985916,2)
(22620,67)
(2819255,1)
(7135877,1)
(9277544,1)
(527622,3)
(11037154,1)
(1181401,1)
(5633401,1)
(1162484,17)
(9389568,3)
(8565770,1)
(10486373,1)
(10419845,1)
(11157142,1)
(11157340,1)
(1656035,1)
(4170802,1)
(2027678,3)
(2029180,2)
(10805648,2)
(122261,1)
(7746842,2)
(8446321,3)
(2323688,20)
(6719816,6)
(3896790,1)
(9118630,7)
(9297506,1)
(10415830,2)
(1427345,3)
(5018215,3)
(10189634,1)
(4568450,1)
(11262145,1)
(2278148,1)
(1759875,2)
(4656939,1)
(10369391,1)
(10773239,1)
(5408663,1)
(10490305,1)
(252069,1)
(4625438,2)
(10269013,1)
(1714973,6)
(9794027,4)
(7501410,1)
(927574,3)
(8277680,2)
(3167311,38)
(6636304,4)
(9225352,1)
(1011850,56)
(8339096,2)
(2789772,1)
(7280678,1)
(70753,350)
(1592496,1)
(9253234,10)
(1372012,4)
(6713425,7)
(1368693,14)
(9025831,1)
(9133480,13)
(5783108,2)
(11037118,2)
(4578864,1)
(1630493,1)
(10289624,1)
(9374267,7)
(3500743,1)
(634696,10)
(2594868,3)
(8721307,2)
(1173176,1)
(10597217,1)
(6627232,1)
(8764111,1)
(10648887,1)
(8288589,1)
(2330824,8)
(3202195,1)
(10231500,1)
(4530541,10)
(7813117,3)
(10241356,1)
(7355305,1)
(1722244,3)
(9735716,1)
(1837175,4)
(5580257,9)
(4218485,1)
(9773039,1)
(2087889,2)
(4724375,1)
(5038826,2)
(6532552,1)
(11258573,1)
(2399621,1)
(10286140,6)
(897956,6)
(9397334,1)
(1656846,2)
(5777097,3)
(549240,7)
(3359110,3)
(233600,1)
(7620111,1)
(7561027,1)
(5705267,1)
(9055946,2)
(1818464,18)
(893185,2)
(5467730,1)
(2821306,15)
(444110,41)
(9376995,4)
(1745960,1)
(7330104,1)
(5898787,1)
(8780663,76)
(107628,12)
(10597190,1)
(4215127,4)
(1027844,1)
(4813060,1)
(972745,1)
(11000235,1)
(296124,22)
(1817276,6)
(300524,103)
(3539282,1)
(10837661,1)
(8756048,1)
(5846496,2)
(9721180,1)
(637828,3)
(4055297,1)
(9003691,41)
(132774,1)
(9387038,2)
(10464043,1)
(9477821,1)
(10382909,1)
(7593293,1)
(9292394,1)
(1505753,1)
(10717376,2)
(11115760,1)
(394035,5)
(4843986,2)
(11271811,1)
(9231814,1)
(2886558,1)
(11085070,1)
(9813052,1)
(11019947,1)
(11113032,1)
(6887621,1)
(1190979,4)
(8963390,3)
(6737834,1)
(6786182,1)
(9471188,2)
(11159339,1)
(10914133,1)
(9894369,2)
(2312905,8)
(6026530,1)
(4184005,2)
(861018,14)
(9083765,1)
(7571161,4)
(1515653,32)
(1107520,4)
(722517,3)
(2613505,1)
(4270748,22)
(7292297,1)
(7047613,1)
(592486,13)
(995191,19)
(3039890,4)
(10043095,2)
(907422,10)
(9144785,1)
(2008417,1)
(1520512,17)
(3897285,1)
(1757741,3)
(10731893,1)
(2610887,1)
(136572,2)
(4899426,1)
(11244677,1)
(6909473,1)
(4523710,1)
(6609214,4)
(2647715,1)
(3396650,2)
(633192,1)
(9326035,1)
(3496857,4)
(2079158,3)
(4999650,2)
(10203538,1)
(10665662,1)
(921606,1)
(11128883,1)
(6835231,36)
(2509088,1)
(10805189,1)
(7481486,3)
(565594,3)
(3106877,3)
(9581870,1)
(9138683,4)
(615138,2)
(2056234,20)
(9233371,1)
(3346457,2)
(9473924,1)
(6767020,3)
(1892499,1)
(10345045,1)
(9497225,1)
(5056745,1)
(10497425,1)
(7513958,3)
(7597613,1)
(2519285,4)
(3284906,4)
(8414597,1)
(9325342,1)
(4578251,1)
(2821603,39)
(3233308,1)
(393793,1)
(5595044,1)
(5238545,1)
(1566819,2)
(526074,1)
(6558446,6)
(4976547,1)
(10152616,1)
(10354964,1)
(2851556,1)
(1303595,1)
(10445071,1)
(3004005,8)
(10681150,1)
(11185079,1)
(11247908,1)
(9745319,1)
(444822,15)
(5613395,1)
(7209415,1)
(6940630,2)
(9320950,3)
(10779666,1)
(1957226,18)
(3057737,1)
(4144793,1)
(1466711,9)
(1974650,1)
(255237,2)
(9619111,1)
(7089130,9)
(1625895,2)
(7818716,1)
(1880979,1)
(4009919,12)
(9186824,1)
(10706189,1)
(9772599,2)
(9620263,1)
(2979618,1)
(9761456,1)
(1572245,1)
(9866432,1)
(4158716,1)
(5714537,1)
(12423,11)
(10852024,1)
(7106716,1)
(71905,369)
(918961,2)
(3150409,1)
(4462907,2)
(3090668,11)
(10062823,1)
(10043004,1)
(5085491,1)
(9043967,1)
(90157,14)
(9459407,1)
(9161722,1)
(5903050,1)
(6511366,10)
(10533604,1)
(9698349,1)
(9575237,1)
(9095898,7)
(2662727,1)
(868138,110)
(2079400,1)
(5401796,22)
(9039809,1)
(3216514,1)
(6780368,1)
(11287382,1)
(9683048,1)
(10625666,1)
(1437498,4)
(2380720,2)
(10440184,1)
(5371628,2)
(22639,4)
(8920784,2)
(9453962,1)
(6533795,1)
(2030403,1)
(8779629,2)
(788443,83)
(707208,22)
(10450840,1)
(11009984,1)
(5760987,1)
(10943519,1)
(4217503,3)
(6749057,1)
(7781519,1)
(8702786,1)
(2685948,1)
(10046425,1)
(8654177,1)
(8266691,5)
(2626862,1)
(3385463,2)
(603140,2)
(9796205,1)
(10200928,1)
(9649460,1)
(10944680,1)
(8935175,2)
(420710,3)
(4853174,1)
(4282628,1)
(10508486,1)
(5352395,1)
(265137,1)
(8999599,1)
(10678037,1)
(10714829,1)
(11039134,1)
(1710111,52)
(9927218,1)
(9750115,1)
(9757073,1)
(5792766,1)
(9269165,1)
(7786244,1)
(11050609,1)
(7579389,1)
(1631546,29)
(4381862,1)
(1022704,11)
(4507312,13)
(3431344,20)
(9472123,1)
(1315420,8)
(1147472,6683)
(9647309,2)
(10496534,1)
(10875858,1)
(8745356,1)
(8334866,4)
(8827265,12)
(6733522,1)
(10934906,1)
(11093729,1)
(10581836,1)
(897442,1)
(6751955,6)
(10517242,1)
(1755923,1)
(6598992,13)
(1460889,6)
(9794063,1)
(10628339,1)
(10182668,1)
(10383377,8)
(3847785,4)
(6560786,6)
(10800247,1)
(8946722,1)
(2560603,2)
(1111994,1)
(6099765,2)
(2735861,1)
(9825509,1)
(5707797,1)
(8271550,3)
(10242580,1)
(122676,1)
(2562025,3)
(6700753,1)
(9345593,1)
(572488,13)
(1949306,1)
(8367022,1)
(10882887,1)
(6755195,6)
(11136190,1)
(8337421,1)
(1797558,1)
(1695753,1)
(10327423,2)
(8998202,3)
(8253947,1)
(2177726,1)
(10477166,1)
(1610404,1)
(6749417,3)
(3335828,8)
(10693445,1)
(10751891,1)
(2503769,4)
(1081925,1)
(5761463,1)
(10897061,1)
(3002520,2)
(4986681,1)
(5662724,1)
(1959792,28)
(202965,2)
(7603949,1)
(3456743,2)
(1471427,6)
(9176311,1)
(1865750,1)
(6756509,1)
(10601914,1)
(10327775,3)
(11078519,1)
(1425662,1)
(2148205,7)
(9796395,2)
(10008896,1)
(10654989,1)
(9156566,1)
(11121565,1)
(1580327,1)
(8810803,122)
(10647897,1)
(4255871,1)
(6696056,12)
(9394661,1)
(9633584,1)
(1342169,28)
(5718885,1)
(8373971,1)
(9457067,3)
(5614844,2)
(2207443,7)
(4180702,3)
(11201359,1)
(1953860,1)
(9253586,1)
(3912223,1)
(10872338,1)
(7639661,4)
(202569,23)
(8946678,1)
(9339257,1)
(2518691,1)
(5491094,1)
(10795190,1)
(6520078,2)
(5799174,2)
(3575507,2)
(2851006,1)
(3150904,1)
(906784,8)
(8796143,33)
(2068150,4)
(2305615,1)
(8916329,4)
(8796855,3)
(1130290,1)
(7363423,2)
(6743774,2)
(447784,50)
(1506130,12)
(2846606,1)
(1090024,3)
(3433126,1)
(11017714,1)
(10492277,1)
(7124888,1)
(5585397,1)
(1155491,34)
(10086674,1)
(1165913,1)
(9197552,1)
(3210538,3)
(9675678,1)
(8302023,1)
(10851287,1)
(2309116,6)
(9939071,1)
(10078259,1)
(9181225,1)
(10112692,1)
(10422977,1)
(6821074,1)
(7517954,2)
(10659065,1)
(3473672,4)
(11175935,1)
(3001530,4)
(5134955,1)
(1101445,2)
(10667895,1)
(7468553,1)
(1525300,2)
(6517892,2)
(1740820,48)
(5913662,1)
(1798809,2)
(1500091,9)
(3409952,1)
(10785911,1)
(10961177,1)
(10755293,1)
(10814657,1)
(5575956,2)
(6534235,1)
(8443315,1)
(3013429,1)
(10634279,1)
(11256197,1)
(1070620,3)
(3217702,2)
(1609307,2)
(10553693,1)
(5971299,3)
(2667290,1)
(4146872,2)
(10434145,1)
(8247548,4)
(3605422,1)
(7320817,1)
(4845669,1)
(2025896,1)
(2595407,1)
(9079805,4)
(5820151,1)
(9846489,1)
(7248377,8)
(9965685,1)
(8717537,1)
(620033,297)
(2262154,1)
(253158,12)
(7221952,2)
(7453865,1)
(10277582,1)
(11064497,1)
(10386806,1)
(5736290,1)
(7787487,1)
(5503090,1)
(3089291,1)
(7886982,1)
(11137595,1)
(2122267,2)
(9045235,3)
(5230020,1)
(5777592,1)
(1610756,1)
(2289687,1)
(10187951,1)
(8872472,1)
(10420032,1)
(5439452,1)
(3294482,1)
(2828066,1)
(661984,3)
(10716287,2)
(9832178,1)
(2408710,1)
(10905971,1)
(4209322,1)
(10963193,1)
(6741794,2)
(4901684,4)
(4292311,2)
(4412335,98)
(616326,4)
(4248743,1)
(8830045,9)
(9251669,1)
(9567713,1)
(60619,3)
(3046630,2)
(9633845,1)
(3501274,1)
(3240120,1)
(9963155,1)
(9163045,3)
(3356104,1)
(8950385,2)
(9737138,1)
(4275987,2)
(5036288,1)
(9589287,1)
(9815582,1)
(10217984,1)
(10091984,1)
(10989230,1)
(1306169,8)
(9971020,1)
(5726192,1)
(7126651,2)
(6695462,2)
(11152002,1)
(4439057,1)
(5413360,1)
(8790824,1)
(8836076,1)
(6709240,8)
(3227819,1)
(10264937,3)
(9571376,2)
(7840081,1)
(11178743,1)
(10606955,1)
(6782807,1)
(10585120,1)
(9185320,6)
(8676768,8)
(11008408,1)
(654793,16)
(9048403,14)
(2647553,3)
(730833,2)
(9687657,1)
(8911676,2)
(3238880,7)
(9488865,1)
(11192350,1)
(8418818,2)
(4245971,1)
(8753988,1)
(10551578,1)
(10202584,5)
(1477700,3)
(2400006,1)
(9060481,2)
(2138396,1)
(8226695,5)
(11018281,1)
(9432424,1)
(2031682,1)
(4172873,1)
(5298080,1)
(10576977,1)
(10285961,1)
(9750665,3)
(5353033,1)
(9572825,2)
(9835805,1)
(9704152,1)
(9665110,1)
(10310403,1)
(6597650,13)
(9874253,2)
(4867980,1)
(9525737,1)
(9689321,1)
(9909731,1)
(4705051,5)
(10848416,1)
(3414190,1)
(10414697,1)
(1331422,26)
(8732233,1)
(823371,1)
(4251578,3)
(8462936,1)
(10363423,1)
(8859954,1)
(5551880,1)
(8875208,14)
(9885503,3)
(4868222,3)
(5331811,1)
(2963822,1)
(7104079,3)
(9163298,1)
(6869603,1)
(9956360,5)
(2264585,2)
(10284377,3)
(11310457,1)
(3560800,1)
(2953779,1)
(3086780,1)
(7525225,4)
(5562789,3)
(1852286,21)
(9899003,1)
(5613304,2)
(9481448,1)
(9748064,2)
(10351309,1)
(10166567,1)
(11073569,1)
(3118009,2)
(1902938,1)
(7781500,3)
(2894775,5)
(4387541,4)
(3561287,5)
(7013197,1)
(4868178,19)
(9440083,1)
(5942039,1)
(10960349,1)
(10985784,1)
(5702206,6)
(8853464,5)
(5517662,495)
(5953820,1)
(151070,21)
(1774139,4)
(4746812,2)
(937537,395)
(8939649,1)
(11266295,1)
(6707837,2)
(10039234,3)
(718846,5)
(7324255,1)
(10744862,2)
(6695778,1)
(9324019,1)
(4795971,1)
(10853410,1)
(3335468,1)
(1168776,8)
(510206,161)
(4237501,1)
(8725556,1)
(6735098,1)
(4830467,2)
(8312220,18)
(3140545,1)
(11152714,1)
(9225118,1)
(8421021,1)
(8905934,8)
(119283,11)
(1624102,2)
(9726086,1)
(239532,1)
(8998491,4)
(7507991,1)
(7927058,1)
(3453377,1)
(6922612,2)
(10870501,1)
(9443927,7)
(11262640,1)
(2488127,1)
(9682300,1)
(4178192,10)
(6634739,2)
(5251324,1)
(4664606,1)
(10199688,1)
(9482573,1)
(4954767,2)
(4476146,1)
(1082753,28)
(889324,54)
(2430850,3)
(4246051,1)
(9833050,1)
(6806224,4)
(10981436,1)
(9872336,1)
(10381144,1)
(9127991,2)
(3155035,2)
(701466,1)
(5806544,4)
(4846695,4)
(7493924,2)
(40756,2)
(9767036,1)
(10041376,1)
(4478126,1)
(6635350,1)
(422385,1)
(3983720,1)
(1795127,1)
(2599296,1)
(429414,263)
(2956749,67)
(9510788,1)
(5613458,1)
(9866270,1)
(10913918,1)
(10141465,1)
(924810,1)
(3024300,1)
(10529221,1)
(257910,4)
(9265925,2)
(11168285,1)
(3317783,2)
(3173152,11)
(7945931,2)
(7495445,1)
(283551,1)
(5589401,1)
(10687082,1)
(11257899,1)
(663928,3)
(6605290,3)
(10366033,1)
(448323,7)
(10985270,1)
(11038540,1)
(1608551,2)
(3993125,3)
(1337769,1)
(1631744,4)
(2952437,1)
(10569632,1)
(9066971,10)
(113766,1)
(7483961,1)
(4677512,2)
(558664,2)
(3174791,22)
(11261218,1)
(1617524,1)
(3488423,2)
(7468913,1)
(2176222,1)
(10057315,1)
(9060599,3)
(9513109,1)
(10162417,1)
(3572771,1)
(8905376,2)
(1783896,5)
(9721856,1)
(9489396,1)
(10208678,1)
(1380086,2)
(10865697,1)
(11037190,1)
(7949784,1)
(1010626,5)
(5471096,3)
(9785469,2)
(2675589,1)
(8331643,1)
(3904600,1)
(11162290,2)
(8292098,3)
(8411833,2)
(11103484,1)
(3369065,1)
(5731565,7)
(1415014,2)
(132675,1)
(9801370,1)
(9472835,1)
(2954868,4)
(10565672,1)
(1457144,92)
(3233506,1)
(6638177,2)
(9789311,1)
(4222200,2)
(8444099,5)
(2394220,4)
(2733449,2)
(3782813,1)
(5735363,5)
(7115112,1)
(10997727,1)
(1585728,13)
(9985845,1)
(7725043,1)
(3545609,1)
(6793670,3)
(5703034,3)
(8335405,1)
(10365340,1)
(4826183,2)
(4579340,1)
(5114344,1)
(1097757,1)
(90201,60)
(9313822,1)
(9834419,1)
(8248420,1)
(10368013,1)
(8968755,1)
(241575,159)
(3332894,4)
(533111,3)
(3108244,1)
(5455094,3)
(2358572,5)
(8823368,1)
(1982534,4)
(6533605,1)
(10255513,1)
(7398939,1)
(3607556,1)
(1439423,1)
(10705801,1)
(10516810,1)
(2945796,2)
(87421,32)
(11088716,1)
(9069185,2)
(9226243,1)
(1614293,4)
(10992975,1)
(7382332,1)
(1504510,1)
(3319367,1)
(7058242,1)
(5385326,2)
(1048634,1)
(4664084,7)
(9450758,1)
(7048919,20)
(1515257,67)
(6752233,1)
(4132327,4)
(7369968,1)
(5777295,1)
(10813414,1)
(1654019,3)
(10632343,1)
(2614487,2)
(8696829,1)
(610944,1)
(5689581,1)
(10752070,1)
(7084540,4)
(6790466,1)
(961440,1)
(923938,2)
(6553108,1)
(10041835,1)
(10044247,1)
(2317649,11)
(1313891,41)
(15880,6)
(6694373,2)
(9947117,1)
(8814007,84)
(3884225,3)
(6723361,8)
(10761205,1)
(11277130,1)
(5391923,1)
(1587447,3)
(9435232,1)
