(7621961,1)
(4013062,17)
(10024180,2)
(7119022,2)
(7634174,1)
(8595348,1)
(6697095,1)
(3035500,7)
(2187873,1)
(8614931,1)
(9798586,1)
(2019158,1)
(6585233,45)
(5975118,2)
(5543423,1)
(2087432,2)
(6180515,1)
(5856318,1)
(1154225,3)
(1377723,24)
(10194498,1)
(3024926,2)
(4974877,1)
(11237598,1)
(9325616,1)
(11124430,1)
(5707917,2)
(9799422,1)
(9436073,1)
(1166619,3)
(9261761,2)
(9425084,1)
(9962277,1)
(3461417,9)
(6708362,1)
(7886481,1)
(2053420,1)
(8675420,1)
(9028256,16)
(2005757,2)
(9287718,3)
(4992246,3)
(8279178,1)
(9124187,1)
(257013,116)
(9224177,3)
(3705722,1)
(697989,1)
(2499525,3)
(11269520,1)
(2016881,1)
(6737270,5)
(9479094,1)
(1669864,913)
(2381976,3)
(290890,1)
(10195037,3)
(6790938,1)
(9404041,1)
(4011695,5)
(5770386,12)
(1426313,6)
(1167799,1)
(563888,8)
(9596139,1)
(7603646,2)
(218593,7)
(6203371,5)
(11251114,1)
(210906,2)
(4079664,1)
(9197510,1)
(11290076,1)
(10518894,1)
(9073625,2)
(8917467,1)
(2399472,6)
(6551672,4)
(3269943,1)
(475228,1)
(7468629,1)
(1128774,1)
(917731,3)
(2527938,1)
(1842704,5)
(5482692,1)
(3550913,1)
(5965551,2)
(6746793,1)
(4387004,4)
(8635226,2)
(9595581,2)
(8264886,1)
(8105161,1)
(744995,4)
(4303745,9)
(7921021,1)
(7219265,2)
(2434265,1)
(9351969,1)
(6562364,28)
(1579675,1)
(3170591,399)
(11174741,1)
(11086730,1)
(10550609,2)
(5971419,2)
(11173256,1)
(9436488,1)
(3333842,27)
(1792412,1)
(10574892,1)
(9096747,6)
(1990016,1)
(9402737,1)
(6137775,1)
(9528008,2)
(8987820,1)
(2466099,1)
(6482633,1)
(951300,40)
(2397302,4)
(1419339,5)
(10766394,1)
(596305,2)
(9372047,1)
(1686991,2)
(11099042,1)
(5347719,3)
(9149748,1)
(163972,2)
(2074625,9)
(3316490,9)
(3057533,3)
(9038200,5)
(4849010,1)
(10243907,1)
(7446830,1)
(10641824,1)
(381970,4)
(9407011,1)
(9298509,1)
(9619872,2)
(5058260,1)
(3262724,15)
(191818,39)
(9286566,1)
(6564380,2)
(10934991,2)
(940311,2)
(2168711,8)
(8797803,20)
(8664846,1)
(9934304,2)
(9083624,1)
(4383891,1)
(9534146,3)
(10783999,1)
(9889314,1)
(10915749,1)
(2163266,4)
(1843037,58)
(1603226,22)
(2317643,1)
(10049183,2)
(4899673,1)
(4497480,2)
(3302341,1)
(9487789,1)
(7513952,1)
(9061330,2)
(9536063,5)
(2673314,4)
(4983471,1)
(9029480,1)
(6605528,4)
(2088477,3)
(4688352,1)
(2012038,1)
(7515437,1)
(11132512,1)
(2161899,1)
(1278525,4)
(2316194,1)
(5058521,1)
(8412638,2)
(10689435,1)
(3996919,1)
(10265561,1)
(10409507,1)
(4199850,1)
(9742109,2)
(1823020,4)
(2174813,100)
(9913154,1)
(106687,8)
(10797804,1)
(10024496,1)
(9897388,1)
(2568924,1)
(3287763,4)
(9942639,1)
(9788334,4)
(10460140,1)
(9440816,1)
(2947374,1)
(680590,1)
(9237542,1)
(11098665,1)
(1606449,1)
(8402873,1)
(10930607,1)
(10444300,1)
(10436020,1)
(4253219,35)
(2318039,1)
(9776058,1)
(9400207,1)
(3023026,1)
(8820716,1)
(9285936,1)
(10640933,1)
(7797903,2)
(6602855,7)
(1552700,1)
(9934557,1)
(1432767,4)
(11169035,1)
(8648781,1)
(10080593,2)
(4702094,1)
(9603031,1)
(4417983,1)
(8815659,1)
(8245111,1)
(10376658,1)
(11101660,1)
(4327956,4)
(4799232,1)
(11190608,1)
(8914604,1)
(11243906,1)
(10191734,1)
(7159037,1)
(3446559,2)
(8955131,40)
(9693690,1)
(10924640,1)
(2709161,2)
(1146891,2)
(9293702,1)
(9279221,1)
(10751769,1)
(10659735,1)
(9799738,1)
(7129788,18)
(11148407,1)
(2199393,1)
(9858129,1)
(9288285,1)
(9253148,2)
(11109437,1)
(10039445,2)
(1478541,1)
(210285,4)
(8742498,3)
(4837581,2)
(11156363,1)
(2136789,1)
(10222342,1)
(260893,9)
(38366,9)
(9784022,1)
(70153,1)
(902908,1)
(3501485,1)
(3363146,2)
(2481218,1)
(8850650,14)
(10604889,1)
(2630906,2)
(4527774,4)
(621171,208)
(7372445,1)
(3316319,4)
(2976345,1)
(159454,2)
(10737431,1)
(10093562,1)
(9426137,1)
(7441844,2)
(9466331,3)
(7068092,1)
(4278519,1)
(3301054,2)
(3552786,1)
(9925133,1)
(1958364,1)
(4459923,1)
(5355062,1)
(5733198,4)
(1061525,4)
(2135348,35)
(5802443,10)
(2516985,23)
(8796318,11)
(2384946,4)
(8762900,2)
(5527160,1)
(2894274,8)
(8300713,1)
(8880215,1)
(9705966,1)
(9990203,1)
(409429,22)
(7324763,1)
(4846969,1)
(9117293,1)
(8424004,1)
(9235625,1)
(2288196,7)
(195869,96)
(7430198,1)
(871921,6)
(6709811,1)
(1390791,2)
(6742085,3)
(9827772,3)
(2613950,1)
(8620321,2)
(4942287,1)
(9914180,2)
(9148802,6)
(10305601,1)
(2135997,9)
(1246809,2)
(10260061,1)
(10545173,2)
(6612403,1)
(1688971,2)
(8542328,1)
(10992636,1)
(8922461,6)
(31697,43)
(775586,1)
(3908664,1)
(10795068,1)
(7071782,1)
(8415897,1)
(11153492,1)
(891839,2)
(9924198,1)
(4562270,1)
(4660343,1)
(3386114,1)
(1739989,3)
(4274298,2)
(10514131,1)
(2659905,98)
(7527650,6)
(8272418,1)
(2993670,2)
(3395439,1)
(5799682,4)
(2050018,1)
(3802508,1)
(10724679,1)
(1160976,2)
(11260079,2)
(10704329,1)
(5472143,5)
(194923,347)
(3029192,4)
(8899468,1)
(42884,8)
(120555,3)
(7257858,1)
(10024603,1)
(8728773,1)
(11222503,1)
(11125178,1)
(7034990,1)
(1847330,45)
(6242206,1)
(5016842,2)
(46286,3979)
(8987523,3)
(433431,64)
(2529143,1)
(4850360,1)
(9833063,1)
(9733848,1)
(8984850,1)
(743590,100)
(10322909,4)
(675640,11)
(8838960,4)
(4206879,1)
(10685835,2)
(8804354,36)
(11249423,1)
(1944512,1)
(2450465,10)
(9343931,3)
(5035913,1)
(1722518,14)
(874946,1)
(8621924,4)
(2491091,1)
(10136465,1)
(10404953,1)
(9680135,1)
(3297924,3)
(8764322,1)
(6754721,3)
(10916838,1)
(5800012,1)
(4566708,1)
(281287,1)
(629407,9)
(10576160,1)
(5791734,7)
(1532559,5)
(10620520,1)
(8815343,1)
(3066083,7)
(9842270,3)
(9821994,1)
(9099140,21)
(9558492,1)
(4386663,2)
(1092314,2)
(5978025,15)
(1757916,18)
(1367210,3)
(4458573,2)
(10606913,1)
(7250620,1)
(9929283,1)
(10663307,2)
(9983364,2)
(447481,23)
(7635010,4)
(132471,16)
(9695733,1)
(1640090,1)
(11129787,1)
(8980601,1)
(10920383,1)
(9997224,2)
(10555532,1)
(2292263,2)
(6838368,1)
(10353572,1)
(106948,5)
(11068866,1)
(10990106,1)
(10876130,1)
(9504996,2)
(8870018,5)
(8964690,3)
(9988468,1)
(9088016,2)
(2008268,2)
(8421548,1)
(4460110,1)
(2309129,23)
(3513923,1)
(4807944,37)
(6760427,3)
(2609036,2)
(3544253,3)
(9354461,2)
(2436597,1)
(789680,12)
(4526135,3)
(9054004,1)
(9238785,2)
(2108618,1)
(5572746,1)
(1360640,8)
(8975508,7)
(8398275,1)
(8886958,21)
(11252104,1)
(6825344,2)
(3430925,1)
(11118798,1)
(10845800,1)
(10511639,1)
(6916974,6)
(8333221,1)
(9677102,1)
(10014181,1)
(3913460,1)
(7023352,1)
(4196349,121)
(2974626,1)
(3067235,1)
(9008915,4)
(8474090,1)
(11185073,1)
(4184252,3)
(7536065,1)
(7034206,1)
(1951307,2)
(744643,4)
(1774287,1)
(9565449,1)
(3357099,4)
(9415049,1)
(1288579,89)
(3901247,5)
(5763492,1)
(7781829,1)
(5734430,8)
(615745,1)
(9806685,1)
(2615075,1)
(2055158,4)
(10776401,1)
(1032455,1)
(1497090,19)
(11271167,1)
(3651371,1)
(1360109,8)
(9425741,1)
(9816783,1)
(9021433,1)
(6531322,2)
(10339316,2)
(9533516,1)
(8673800,1)
(11273840,1)
(1486461,3)
(2525859,7)
(442891,90)
(10851308,1)
(119098,42)
(1972188,7)
(7062520,1)
(10215016,1)
(1520363,2)
(8813066,3)
(4158611,1)
(1128260,1)
(5322004,2)
(10569546,1)
(158923,14)
(557489,31)
(10106611,1)
(5586480,2)
(9397644,1)
(10946475,1)
(844020,7)
(3085154,6)
(2986047,1)
(1709379,1)
(8862530,38)
(831826,3)
(4258106,4)
(3634208,1)
(11307275,1)
(4288095,3)
(7070800,5)
(2096496,6)
(10190609,3)
(8676050,2)
(2275848,2)
(8582621,1)
(11304052,1)
(4455765,1)
(8567565,1)
(1795536,1)
(6583091,1)
(4040017,4)
(5407073,5)
(10757547,1)
(2640185,1)
(2656476,1)
(9606614,1)
(654553,146)
(1862801,14)
(9558717,1)
(1883033,1)
(9390362,1)
(10916775,1)
(11005487,1)
(10887930,1)
(10847574,1)
(4180454,1)
(2456081,1)
(969879,21)
(9175785,1)
(10286117,1)
(215235,25)
(744706,30)
(6743336,1)
(8980557,1)
(968276,1)
(5494789,1)
(3213359,24)
(10804454,1)
(9687453,1)
(8413213,1)
(1443891,1)
(1980710,7)
(8840967,1)
(5972085,3)
(1190379,16)
(2841119,1)
(10115378,1)
(10260377,2)
(2108203,1)
(5827680,2)
(3584826,1)
(4219136,2)
(8848626,5)
(1043642,3)
(7617605,1)
(2649807,3)
(1104112,22)
(10527768,2)
(7575846,2)
(8642615,1)
(8980142,16)
(11073725,1)
(9805541,1)
(1386886,95)
(10753785,1)
(9208120,1)
(9508794,2)
(9222098,1)
(7553291,1)
(11069559,1)
(5353046,3)
(5966695,1)
(5049215,6)
(2059668,10)
(6821906,1)
(8937924,1)
(5360930,1)
(9573828,1)
(9152564,1)
(6656315,3)
(351775,1)
(8561787,1)
(10086434,1)
(5419151,1)
(5732766,14)
(3271571,3)
(10660832,2)
(2619585,1)
(5497858,2)
(9102613,2)
(1373727,1)
(4582287,1)
(9280120,1)
(1038648,4)
(9172463,1)
(2729637,1)
(4718682,5)
(2302243,1)
(11119733,1)
(11213071,1)
(4008978,5)
(4702616,1)
(4390370,4)
(8322782,1)
(11246093,1)
(779997,7)
(5535341,3)
(7363139,1)
(10780226,1)
(1226171,118)
(10632590,1)
(5943339,1)
(6945530,1)
(8581172,1)
(3371462,1)
(8825144,1)
(9747807,2)
(10893889,1)
(8373272,1)
(9991509,1)
(8884329,1)
(7578302,4)
(9190995,1)
(3184866,1)
(13561,123)
(3941243,1)
(7796157,17)
(9015449,3)
(8581037,10)
(5862654,1)
(2248901,1)
(11003092,1)
(11292416,1)
(9428711,4)
(5517774,8)
(8044240,2)
(1638264,6)
(9516623,1)
(6776655,1)
(446491,1)
(5616936,2)
(2418939,1)
(8867832,2)
(9269835,1)
(5958126,2)
(8820400,2)
(9292965,1)
(6630773,31)
(4075514,1)
(10411036,1)
(3011605,2)
(9615461,2)
(9907115,1)
(2114297,3)
(10031470,1)
(1754171,4)
(2964429,1)
(4976280,3)
(10236392,1)
(9336542,1)
(86642,85)
(9199284,1)
(2812030,2)
(3535181,2)
(3935295,2)
(9558456,1)
(10535273,1)
(9837122,1)
(10315493,1)
(4152022,1)
(8609261,4)
(8555289,1)
(10270420,2)
(5508116,3)
(10101328,3)
(2311612,5)
(10445895,1)
(8928500,1)
(9190346,1)
(8564702,1)
(7424195,1)
(11256452,1)
(10831995,1)
(7190799,2)
(9598911,5)
(1768680,6)
(1048647,6)
(9153095,3)
(9469455,3)
(7208474,1)
(4882194,65)
(9590658,1)
(11061999,1)
(9979044,2)
(7516661,2)
(3041107,1)
(9580442,1)
(9676112,1)
(9819302,1)
(1299766,20)
(10376199,1)
(9368538,1)
(10439306,2)
(3385872,5)
(11066273,1)
(1119152,7)
(9509388,1)
(6777384,3)
(289793,7)
(1936647,6)
(10887787,1)
(6726597,8)
(1357211,1)
(3231638,3)
(8612654,1)
(8075048,1)
(3388347,15)
(7665062,1)
(4860279,1)
(8318624,2)
(1508637,102)
(6920186,1)
(11268071,1)
(11094317,1)
(1644861,1)
(3293469,1)
(1379299,5)
(8858760,38)
(10600027,1)
(9065048,1)
(9203909,7)
(3175046,1)
(3019751,1)
(6692829,1)
(8522311,1)
(5535297,7)
(4178510,1)
(10160035,1)
(1227477,3)
(11303521,1)
(10970955,1)
(11222918,1)
(10992988,1)
(4377456,3)
(5413337,2)
(236539,1)
(11313872,1)
(9095658,1)
(9293144,4)
(5537835,1)
(2665584,1)
(3512933,5)
(5476103,5)
(8988018,49)
(10153259,1)
(8746205,1)
(5958621,1)
(11047265,1)
(10595330,1)
(4802147,3)
(1354791,4)
(285805,3)
(10984653,1)
(9349764,1)
(2364632,3)
(9731813,1)
(2520043,17)
(9474729,1)
(93789,2)
(6928593,1)
(9396203,1)
(4628817,1)
(8866743,22)
(9011236,3)
(9615164,1)
(5567472,1)
(1235009,3)
(7108781,2)
(6505835,1)
(7056932,2)
(4175504,1)
(6606004,1)
(9147669,1)
(3258756,1)
(9431807,1)
(4454261,1)
(6696050,7)
(5736726,1)
(11143394,1)
(8999854,34)
(82385,4)
(2772512,1)
(10887534,1)
(10363337,1)
(5593437,1)
(4304933,1)
(10407978,1)
(5030413,1)
(323505,2)
(68679,86)
(5886711,5)
(8773881,15)
(3024412,4)
(9667392,1)
(2836692,6)
(4842143,1)
(523936,1)
(9955130,1)
(26684,7)
(8939580,22)
(4151708,5)
(3165795,3)
(4325165,3)
(8832272,1)
(7798588,1)
(4535658,1)
(9452039,1)
(10127753,1)
(2424563,2)
(5616738,1)
(8954358,1)
(3340538,1)
(9122729,2)
(8422439,1)
(8621168,1)
(9236101,1)
(8930543,7)
(11288880,1)
(9824513,1)
(9512979,1)
(8904993,6)
(1977570,2)
(10144547,1)
(7445840,2)
(4195791,2)
(8314565,2)
(2719124,6)
(10922679,1)
(10739961,1)
(191197,9)
(11189745,1)
(11232494,1)
(4426703,1)
(10303063,1)
(1743858,1)
(9308822,1)
(4055868,1)
(7562822,2)
(6928953,1)
(9700268,2)
(1766213,1)
(936758,19)
(1692309,680)
(10617407,1)
(9254020,2)
(1145928,1)
(534,134398)
(4963789,3)
(113111,8)
(10287701,1)
(200943,16)
(4124005,16)
(3618305,5)
(8615976,1)
(9500233,1)
(53161,60)
(4583835,1)
(4110596,1)
(7060658,3)
(10009231,1)
(9834927,4)
(10988217,1)
(2710439,10)
(6887689,3)
(10940804,1)
(7291111,1)
(10988767,2)
(9996388,5)
(2971403,1)
(227728,1)
(8971287,1)
(3456305,1)
(8308166,1)
(10914498,1)
(9873636,1)
(5743719,1)
(5349834,1)
(10797859,1)
(641584,18)
(7403369,1)
(10500749,1)
(10709054,1)
(5525540,2)
(9652352,1)
(10637342,1)
(1684010,1)
(9606515,1)
(10527867,1)
(1264115,1)
(2874320,2)
(9970142,1)
(663463,2)
(1367166,1)
(205632,1)
(7393749,1)
(9775761,1)
(6939799,1)
(9158595,2)
(10958292,1)
(10286829,2)
(4407489,2)
(10577015,4)
(7028519,1)
(120654,5)
(2260899,1)
(10700567,1)
(3969090,1)
(7203532,1)
(3290958,748)
(5465925,3)
(9586338,1)
(5974128,1)
(1656994,19)
(2313746,1)
(2608299,1)
(6776718,1)
(1856556,34)
(2132620,4)
(8319713,1)
(9470156,39)
(5500240,1)
(11089854,1)
(8939049,1)
(11193056,1)
(1044849,1)
