(3099994,3)
(4117992,2)
(2886072,13)
(1792149,1)
(28995,2)
(3512453,2)
(10750956,1)
(6791187,1)
(10931252,1)
(3936822,1)
(1603719,11)
(9131654,1)
(8292387,7)
(6783528,3)
(4583490,1)
(2997961,1)
(10838445,1)
(7279653,2)
(11162507,1)
(10642749,3)
(3538581,3)
(253708,3)
(10787839,1)
(10890780,1)
(3334965,1)
(8287239,1)
(2970799,2)
(6699090,1)
(99807,2)
(5970147,1)
(9316479,1)
(10642587,1)
(11064137,1)
(9981976,1)
(730663,2)
(9356574,2)
(8790816,17)
(549070,1)
(5573517,2)
(9577308,1)
(9844383,2)
(1353447,15)
(1520144,5)
(825659,1)
(11040476,1)
(1613754,1)
(2699836,3)
(4829758,1)
(8305887,2)
(4527456,3)
(7654962,1)
(10383413,2)
(943216,1)
(8538933,1)
(8298363,1)
(10963248,1)
(3984207,1)
(10397210,1)
(301047,2)
(8861970,1)
(10560461,1)
(2613786,2)
(10800176,1)
(7737663,1)
(4077726,1)
(4712586,1)
(10790259,1)
(4516511,6)
(11192801,1)
(208320,38)
(600739,3)
(9058188,1)
(9418386,9)
(9179111,5)
(4245864,1)
(1987314,10)
(2511068,11)
(9965479,1)
(5511524,1)
(11105203,1)
(1181880,1)
(9357050,1)
(2273847,2)
(9774291,1)
(10771232,1)
(10454289,1)
(7621599,2)
(4533242,1)
(834910,3)
(10034933,1)
(4431885,2)
(10853718,1)
(2675922,1)
(1845582,2)
(10689469,1)
(9473754,1)
(1035602,1)
(4956874,10)
(10645458,1)
(3500771,3)
(10358105,2)
(6609080,2)
(3114987,2)
(2502356,1)
(412521,5)
(9292980,1)
(7491972,1)
(10035626,2)
(9552602,1)
(10812353,1)
(9453693,2)
(9032140,5)
(1001447,4)
(1284895,2)
(1833765,1)
(8371433,2)
(6733316,1)
(3607188,1)
(7259718,1)
(2445170,27)
(712582,3)
(11258051,2)
(3351498,1)
(9480981,1)
(1710059,8)
(10263010,1)
(6580262,2)
(3357078,11)
(7033088,1)
(2682753,2)
(9024374,11)
(778436,1)
(5577612,3)
(7360599,1)
(1819581,19)
(926738,4)
(9395247,1)
(10029777,2)
(10056515,1)
(1074663,3)
(1515807,19)
(9721136,1)
(6816765,1)
(9774651,1)
(9534675,1)
(8440076,1)
(2683798,2)
(11292648,1)
(4824519,1)
(10913234,1)
(10438908,1)
(8720804,3)
(4655562,1)
(10876722,1)
(1376253,5)
(6833243,1)
(2496471,3)
(9206985,9)
(10576716,1)
(1500759,49)
(9116804,2)
(417427,9)
(3443153,1)
(3294889,1)
(9264350,1)
(6925467,1)
(611052,3)
(2263631,3)
(3584049,6)
(7033844,4)
(301308,35)
(11069673,1)
(3490818,7)
(8334795,1)
(10968072,1)
(9286798,2)
(11210459,1)
(3145875,7)
(7559364,1)
(11289615,1)
(7246884,2)
(3058854,1)
(3103547,1)
(1600947,2)
(7048433,3)
(8922099,2)
(8653124,1)
(10030522,1)
(3006329,1)
(9077394,1)
(9467058,1)
(5361602,3)
(10353650,2)
(1580201,1)
(8136957,1)
(3207533,6)
(9975577,1)
(1287018,4)
(9960834,1)
(11117831,2)
(10808844,1)
(9077240,1)
(1020851,2)
(8694624,1)
(7055624,1)
(3333326,54)
(4634538,2)
(10967695,1)
(4121050,20)
(9708591,1)
(418967,3)
(9916554,3)
(6560822,9)
(10675103,1)
(10256685,1)
(8109515,1)
(9158079,1)
(1522638,2)
(2087763,2)
(4143803,51)
(10699215,1)
(435706,4)
(1323332,6)
(3279778,7)
(9884794,2)
(4139277,4)
(2133130,5)
(6778452,1)
(7136246,1)
(1315250,154)
(7160311,1)
(421134,31)
(10570226,1)
(2245154,7)
(10192695,1)
(8848894,3)
(1672425,7)
(4941320,1)
(9086628,1)
(11156603,1)
(9478083,1)
(10418270,1)
(9270768,3)
(10401665,2)
(9368300,1)
(10737528,1)
(1157265,8)
(3010487,1)
(9251705,1)
(8443596,1)
(2841332,1)
(7262930,1)
(2208623,61)
(3026822,4)
(8906042,1)
(982970,2)
(4586163,1)
(4980381,1)
(8709447,1)
(10968883,1)
(10328559,1)
(732283,30)
(8601446,1)
(9779098,1)
(8566653,1)
(4080894,8)
(8074235,1)
(11037641,1)
(9819138,2)
(71933,18)
(17195,2394)
(3157593,7)
(8328242,1)
(1366551,1)
(1736033,1)
(2969647,1)
(11227839,1)
(8259717,1)
(4252505,4)
(8083992,5)
(8309388,3)
(11282135,1)
(10577805,1)
(1928797,23)
(8892426,1)
(7942340,29)
(1523961,10)
(273283,2)
(1909220,7)
(2361399,2)
(2186862,1)
(3191324,1)
(10352723,1)
(721005,10)
(3388326,20)
(6565764,36)
(9534873,1)
(9722126,1)
(4417962,6)
(8928688,2)
(9878043,1)
(10453956,1)
(5912664,4)
(4740053,3)
(10539979,1)
(5445249,4)
(10731588,1)
(9872463,2)
(10219604,1)
(9487001,1)
(6928888,6)
(9944634,1)
(6681198,1)
(1482697,16)
(11308398,1)
(9373052,1)
(8994432,6)
(6618350,43)
(815858,2)
(4319457,5)
(2237649,1)
(2763474,47)
(4979897,8)
(2064704,1)
(3642819,1)
(3224165,4)
(1546173,2)
(6789694,2)
(10179726,1)
(8821523,140)
(522015,33)
(2485743,3)
(3133805,2)
(1051901,1)
(9273972,1)
(15836,1)
(9141257,6)
(2330816,1)
(10199760,1)
(10716125,1)
(10706478,1)
(7524975,2)
(1956822,45)
(640177,16)
(8344659,2)
(10890384,1)
(10854799,1)
(10381488,1)
(11066054,1)
(6960576,1)
(11026418,1)
(1930235,16)
(9458959,1)
(9028785,9)
(1278342,48)
(10458131,1)
(3595371,37)
(725100,1)
(3054641,21)
(9805278,1)
(8206076,1)
(1553364,50)
(10729185,1)
(1228905,24)
(10489470,1)
(1804901,1)
(9210458,1)
(9008633,1)
(8041925,1)
(9670962,1)
(9762023,1)
(10762836,1)
(2001523,38)
(8634017,1)
(7675455,1)
(10835277,1)
(7035329,1)
(5884468,2)
(6518423,1)
(9794253,1)
(10432256,1)
(9167448,1)
(1267966,2)
(9231086,1)
(2787685,1)
(10534721,1)
(4173594,1)
(57254,36)
(951334,5)
(440106,1)
(9535313,2)
(191789,1)
(10651857,1)
(10768254,1)
(5721657,5)
(1208899,66)
(2666616,1)
(10264253,1)
(3240978,1)
(3904070,1)
(266317,7)
(1764564,1)
(8795992,1)
(3410645,1)
(9595777,1)
(9355782,1)
(983168,5)
(9169879,1)
(7022954,2)
(1041957,4)
(11213168,1)
(10292432,1)
(1953041,1)
(9685812,1)
(6522644,2)
(4283547,5)
(9192855,1)
(2888115,1)
(10161554,1)
(7135391,6)
(2922666,1)
(2091173,8)
(10987558,1)
(2996377,2)
(5534844,1)
(9032915,9)
(11034121,1)
(11084630,1)
(4198542,21)
(373174,1)
(2151068,1)
(4217883,3)
(10100515,1)
(4411238,19)
(1046808,1)
(9590637,1)
(1589419,3)
(4862887,3)
(2420186,3)
(7793823,1)
(6581829,26)
(4309700,2)
(10123024,1)
(10193586,1)
(10756022,1)
(8861024,1)
(5418852,4)
(10796136,1)
(8320484,1)
(11284728,1)
(8336360,1)
(9250193,2)
(148444,70)
(4075188,1)
(4838811,1)
(9883254,1)
(5594343,1)
(10084235,1)
(3094043,1)
(7070177,2)
(626353,3)
(3906410,4)
(10577247,1)
(3358923,1)
(5746146,3)
(10787460,1)
(5670636,3)
(4464041,1)
(56110,149)
(9379759,1)
(9206886,1)
(1793274,1)
(8226885,2)
(1755456,2)
(1742685,3)
(5076771,1)
(7399506,1)
(2028641,2)
(2887738,1)
(1039851,69)
(1101338,2)
(2886270,1)
(8292747,1)
(10219541,1)
(10412302,1)
(11220818,1)
(11183531,1)
(3063119,1)
(8874741,1)
(10397922,1)
(671722,10)
(5737885,3)
(10619916,5)
(11219496,1)
(4020548,2)
(3366843,1)
(5542467,1)
(9665454,1)
(11137235,1)
(1963004,4)
(8606649,1)
(9555410,5)
(10054634,1)
(10983408,1)
(8204041,1)
(4804296,1)
(10257837,2)
(3718662,1)
(11053841,1)
(10643379,1)
(8303005,1)
(3877936,2)
(9745383,2)
(795112,19)
(1903794,1)
(5030087,1)
(88953,8)
(6074817,7)
(8979439,10)
(1048563,4)
(4714052,1)
(9809175,3)
(3987411,4)
(8583131,1)
(4248078,2)
(9887313,1)
(1300427,2)
(7093901,4)
(6918672,1)
(8843556,14)
(3165576,1)
(9032816,3)
(8270101,1)
(1215323,2)
(7499370,2)
(2451434,69)
(10323202,1)
(4162451,1)
(1670742,1)
(9665391,1)
(4048593,4)
(6736223,3)
(11201882,1)
(1418625,1)
(10489948,1)
(10357827,1)
(2560073,2)
(611467,1)
(6873951,2)
(3353126,3)
(3024644,2)
(9607773,1)
(3882,12)
(921634,6)
(263248,74)
(3497875,1)
(10215743,1)
(2458752,4)
(10827096,1)
(6555765,2)
(188800,1)
(9500960,1)
(7500412,1)
(6816251,2)
(10239594,1)
(8033997,311)
(8967298,4)
(9617079,1)
(10066316,1)
(11115491,1)
(8469787,2)
(6533138,4)
(4682319,1)
(7494447,1)
(9095673,7)
(4575273,1)
(1704100,1)
(10387266,1)
(10960025,1)
(6097326,1)
(10641506,1)
(11312528,1)
(9319070,1)
(153619,28)
(4276356,1)
(3095583,1)
(4557651,1)
(9314705,1)
(1898665,3)
(9106742,1)
(11174577,1)
(3848154,2)
(9085025,2)
(8369544,2)
(7092515,4)
(208735,3)
(6706523,1)
(9702821,1)
(10131791,1)
(7047399,1)
(4515125,2)
(2713839,5)
(3217631,1)
(3495084,19)
(3151166,1)
(6772836,2)
(3156468,4)
(5905536,2)
(2881680,8)
(10435820,1)
(3146568,2)
(244023,291)
(8988709,1)
(4498729,1)
(8254451,1)
(5485182,1)
(874925,3)
(1371429,4)
(9203924,11)
(7611905,2)
(3470405,4)
(6801527,2)
(10863591,1)
(10404734,1)
(6335273,1)
(7528575,1)
(10487418,1)
(10631381,1)
(2922828,141)
(889514,3)
(110986,1)
(570742,3)
(8225183,1)
(10567130,1)
(10095837,2)
(2248025,1)
(1069650,2)
(7969323,1)
(9345846,2)
(7360841,1)
(573668,8)
(2250167,4)
(2941971,7)
(2792580,1)
(5507916,2)
(11312663,1)
(5745967,2)
(2515622,1)
(8936391,1)
(202759,1)
(2674888,1)
(9360146,2)
(2825484,39)
(2480694,1)
(9689115,2)
(832174,4)
(740112,12)
(9230401,6)
(42827,1)
(4292006,3)
(10003630,1)
(10769181,1)
(1199502,4)
(6615641,3)
(7617323,1)
(10671080,2)
(1236960,32)
(4530236,3)
(2078655,1)
(10637835,1)
(4916562,1)
(9807104,1)
(7603012,1)
(8037641,2)
(8466726,4)
(1684701,2)
(3125525,2)
(3508845,1)
(235014,48)
(3400547,1)
(4985089,1)
(1737078,117)
(6698974,1)
(8952195,1)
(4941537,13)
(9254414,1)
(4775154,1)
(2204762,2)
(10587895,1)
(7804389,1)
(1990644,1)
(3411734,4)
(5494100,5)
(10636746,2)
(537091,3)
(10917843,1)
(7273479,1)
(8582295,1)
(8883868,1)
(7325039,1)
(8880032,3)
(7568788,1)
(655379,175)
(9619301,1)
(75830,18)
(3903954,1)
(5332433,1)
(9829786,1)
(8721173,3)
(10865373,1)
(745829,1)
(8747463,1)
(8792788,6)
(548297,2)
(9920162,2)
(3741558,2)
(4414758,5)
(2155820,1)
(10878298,2)
(9505118,1)
(4019748,5224)
(8990436,4)
(11199679,1)
(4666056,12)
(2290163,1)
(9394851,1)
(2513697,8)
(4227747,1)
(4231003,18)
(10506506,1)
(10362821,1)
(10330583,6)
(6972203,1)
(862072,4)
(8804487,16)
(9031367,1)
(4850493,2)
(1015659,1)
(10543848,2)
(10604813,1)
(9031051,2)
(10244868,1)
(8604191,3)
(11135101,1)
(7355135,1)
(3434595,4)
(2696929,3)
(7358556,1)
(2457564,4)
(11161058,1)
(10055679,1)
(9347051,1)
(9656904,1)
(1097334,6)
(7599162,1)
(1610784,1)
(693656,2)
(11279102,1)
(1702175,1)
(5336484,1)
(6778614,2)
(3938307,1)
(7362362,1)
(4492932,2)
(4410707,10)
(3159438,1)
(8755996,2)
(4867323,5)
(1718925,143)
(1355166,9)
(9408530,1)
(5306388,1)
(9637077,2)
(3417468,1)
(1927914,4)
(2077467,1)
(413610,1)
(10614155,1)
(6697272,1)
(8373567,1)
(1925222,1)
(198917,1)
(7916556,1)
(10117887,1)
(8807295,26)
(6771747,2)
(8612336,1)
(11199426,1)
(7193432,1)
(8747364,2)
(7390299,1)
(4963254,6)
(9480882,1)
(9505352,1)
(8184639,4)
(10307192,1)
(3995232,9)
(10916204,1)
(3546168,3)
(3061337,5)
(1963752,7)
(114270,3)
(989180,13)
(177217,9)
(5964801,6)
(9188634,2)
(9974488,1)
(9866523,1)
(7308605,1)
(1687465,3)
(1372040,2)
(11187546,1)
(63590,2)
(10408947,2)
(11181812,2)
(10836069,1)
(1702571,3)
(4213120,1)
(3201241,4)
(7903532,1)
(344428,1)
(2062922,1)
(900907,4)
(946673,76)
(3542315,3)
(611214,12)
(8324282,1)
(2063868,1)
(2463468,2)
(4664238,1)
(10834584,1)
(2449743,1)
(336409,2)
(8908671,8)
(4194447,52)
(10356873,3)
(2629329,1)
(10448943,1)
(232242,1)
(118997,5)
(9429636,1)
(9780104,1)
(5620479,3)
(4456437,9)
(10739797,2)
(9993199,1)
(2776605,1)
(4812378,3)
(10252634,1)
(10166658,1)
(7132880,1)
(2640029,1)
(9544124,5)
(893320,2)
(10476168,1)
(4165971,147)
(5358228,1)
(7417406,1)
(489400,1)
(4021835,2)
(11095773,1)
(10931469,1)
(1054467,27)
(2122402,2)
(2175378,3)
(3033419,7)
(8328206,1)
(5767170,6)
(523852,6)
(9883317,1)
(1889890,2)
(3601355,1)
(9045777,3)
(106468,4)
(466883,11)
(10253624,1)
(7326065,1)
(1084068,3)
(3171920,8)
(5323460,1)
(8828030,21)
(4676514,1)
(7021964,33)
(491407,1)
(8240302,2)
(8740145,1)
(1532277,21)
(7047209,1)
(9520878,1)
(908099,2)
(10670568,2)
(3662556,2)
(12550,1)
(8803604,1)
(2700950,7)
(1311812,1)
(8551118,1)
(2712632,1)
(8691159,5)
(4940907,1)
(6913271,1)
(2467725,36)
(10109813,1)
(9923943,1)
(4328114,1)
(5795962,1)
(1227915,8)
(5617699,2)
(5738361,2)
(10640002,2)
(5919847,1)
(3571539,1)
(9984135,1)
(8231843,2)
(11060834,1)
(9356321,2)
(48245,166)
(1126836,82)
(7891770,2)
(6540978,3)
(6808683,2)
(1355922,11)
(3470603,4)
(10743828,1)
(2286753,1)
(9993702,1)
(9947145,2)
(2965830,8)
(10309334,1)
(4415946,8)
(10475871,1)
(5924148,2)
(8760918,1)
(535787,2)
(1634599,1)
(5468154,1)
(7523570,1)
(8931314,1)
(4584895,1)
(10112648,1)
(1670544,1)
(8876974,1)
(5914644,2)
(3102917,9)
(1656874,3)
(9113474,1)
(6760406,9)
(7093406,3)
(5454690,2)
(9475176,1)
(1539441,4)
(9708951,1)
(4664337,1)
(10339188,1)
(4420580,1)
(10359348,1)
(6819672,4)
(3319106,1)
(6519963,2)
(242007,8)
(3084918,12)
(10769541,1)
(1844853,1)
(10942890,1)
(7197249,1)
(9972750,1)
(9143570,1)
(10266981,1)
(4198795,1)
(2638077,7)
(148345,637)
(2839597,1)
(3235712,1)
(2960231,2)
(11035067,1)
(8979024,1)
(11271704,1)
(2632640,1)
(5404398,3)
(6935529,1)
(3572862,20)
(2819049,1)
(1939731,1)
(7262039,2)
(6738591,4)
(9538022,1)
(10758615,1)
(1905224,60)
(2604920,1)
(10868109,1)
(8710995,1)
(10989277,1)
(7674960,3)
(7138677,2)
(10098799,1)
(6045783,1)
(4186879,1)
(9725286,1)
(10345983,1)
(8864409,11)
