(4157099,1)
(4838516,2)
(26863,6)
(9201135,1)
(7798910,3)
(11025312,1)
(10621843,1)
(1738312,1)
(3578840,4)
(5561378,2)
(6522709,48)
(934605,10)
(8892112,1)
(10010878,2)
(545931,1)
(10510828,1)
(8823695,1)
(6883655,2)
(1574002,2)
(6619108,5)
(3094298,33)
(1725695,1)
(9519052,1)
(6808289,1)
(652301,9)
(9326065,1)
(10854070,1)
(10208554,1)
(2012550,1)
(7287737,1)
(8891078,1)
(57968,2)
(10101543,2)
(1658504,8)
(10528324,1)
(748378,2)
(2878154,1)
(3055732,2)
(129276,23)
(9795245,1)
(103049,3)
(7541914,1)
(7468033,1)
(2103586,7)
(10894698,1)
(5516053,1)
(10844387,1)
(11185450,1)
(9162030,2)
(9427919,3)
(3317579,1)
(9747310,1)
(11123223,1)
(1091756,19)
(2426362,2)
(1787075,4)
(3397175,1)
(1782188,1)
(9474034,4)
(9728915,1)
(9549266,1)
(9580027,2)
(3475907,5)
(9788153,1)
(9955067,1)
(8274190,1)
(3299976,1)
(9750109,1)
(9853303,5)
(6518777,2)
(3367673,19)
(5979447,1)
(3454397,1)
(9516307,1)
(6596753,1)
(7617262,1)
(8363669,1)
(3250069,3)
(16053,177)
(11270716,1)
(9896126,1)
(4864751,1)
(4044283,3)
(5459840,5)
(2321845,2)
(3115627,1)
(3926050,1)
(3166117,1)
(5738921,2)
(2306888,1)
(7333555,1)
(1233640,14)
(10689911,1)
(10441429,1)
(7574936,1)
(9843854,1)
(9706522,1)
(6733291,5)
(3386546,36)
(10057895,2)
(1680581,2)
(9325435,1)
(9531319,1)
(2082724,45)
(143919,1)
(11268412,1)
(1417934,1)
(2054086,1)
(3365459,1)
(6776023,1)
(247897,2)
(9246235,1)
(977112,1)
(8454983,1)
(10062718,1)
(8824630,2)
(1936826,15)
(9997953,2)
(11134762,1)
(9591052,1)
(1955474,7)
(8976452,1)
(9874580,1)
(8968136,11)
(9299255,2)
(10519711,1)
(9828644,1)
(10499688,1)
(4546015,1)
(5563141,1)
(3176666,5)
(5698944,1)
(10685393,1)
(868050,1)
(980596,4)
(2710654,1)
(1619471,1)
(1470764,1)
(6900628,1)
(11134825,1)
(10846367,1)
(10850849,1)
(2191561,1)
(10128526,1)
(10680569,1)
(10995263,1)
(1740814,3)
(8865987,1)
(386901,1)
(9708241,1)
(9364144,2)
(5833826,2)
(9006790,1)
(4911064,1)
(10331872,1)
(1571131,6)
(9294368,1)
(4192117,51)
(9571153,1)
(701603,1)
(2360590,28)
(9752936,10)
(6829079,1)
(1040554,4)
(4940945,1)
(10240819,1)
(2314203,14)
(2357774,30)
(5379812,1)
(10812256,1)
(2079331,1)
(3415435,3)
(1234487,25)
(3833116,1)
(2077829,3)
(7298528,3)
(7407607,1)
(10993481,1)
(4515460,1)
(1365978,4)
(1750318,2)
(10832056,1)
(8809989,1)
(1072333,6)
(7395908,3)
(10167433,2)
(10173571,2)
(2436974,2)
(5950385,33)
(71025,57)
(4466537,3)
(8597048,1)
(6688760,1)
(11299751,1)
(8275306,1)
(4541524,1)
(1469667,1)
(58282,8)
(4215517,4)
(6609703,1)
(6733101,1)
(10650102,1)
(7433798,1)
(11195512,1)
(5379966,28)
(9254254,4)
(10617163,2)
(4511923,1)
(4239269,6)
(4379516,1)
(10388915,1)
(10769345,1)
(1528391,2)
(10492711,1)
(8285341,1)
(10690117,1)
(9273875,1)
(9346874,3)
(4587218,1)
(682452,52)
(6612989,1)
(9629519,1)
(721818,7)
(1850083,63)
(9240097,1)
(339967,1)
(10260655,2)
(2387834,5)
(569034,12)
(11215447,1)
(4369454,1)
(10525651,1)
(1658559,2)
(10417543,1)
(7504429,2)
(7380841,1)
(8463181,1)
(2491946,6)
(11188637,1)
(9423896,1)
(1853567,4)
(11133376,1)
(10767662,1)
(10203865,2)
(6898299,83)
(10633624,1)
(174582,28)
(62926,6)
(2972960,1)
(9105259,4)
(1972367,2)
(8856365,1)
(9599676,1)
(11234653,1)
(1218070,1)
(10761848,2)
(9360445,1)
(10227878,1)
(10080024,1)
(4156964,1)
(1642015,1)
(1045694,10)
(9638113,1)
(3050188,3)
(10967381,1)
(1451198,3)
(5517719,4)
(1105985,4)
(833562,2)
(2162004,5)
(74545,1)
(1756187,38)
(3547952,2)
(5603687,2)
(11240818,1)
(8836150,8)
(4834006,1)
(10823399,1)
(2777471,2)
(10469933,1)
(5796305,2)
(10069874,1)
(10015350,1)
(1743974,3)
(9342977,1)
(3116356,1)
(10920562,1)
(4930630,1)
(9948434,2)
(6615995,1)
(9301161,1)
(10113063,1)
(10453543,1)
(3492160,1)
(264988,6)
(168796,3)
(846586,83)
(9339133,1)
(10207825,1)
(11308642,1)
(4977116,1)
(10614490,1)
(10962007,2)
(10842190,1)
(1818205,6)
(9175667,1)
(10418632,1)
(299935,39)
(9135616,6)
(4881941,36)
(4142095,19)
(1928249,3)
(11077243,1)
(10087540,1)
(10543471,1)
(6723517,6)
(10982104,1)
(10724443,1)
(11251744,1)
(1523251,1)
(1618580,1)
(9125293,1)
(9827816,3)
(3122854,1)
(4837922,1)
(8269196,1)
(10913470,1)
(4093928,1)
(4055074,1)
(6859120,2)
(8904974,17)
(6754144,4)
(1617554,2)
(4552810,1)
(3517045,1)
(11268629,1)
(10353193,1)
(8247460,1)
(6518560,2)
(7053231,1)
(9611347,1)
(6563632,6)
(2291551,2)
(8966714,6)
(8363191,1)
(1453420,1)
(1922317,1)
(7432717,1)
(4790366,22)
(6534328,18)
(10867968,1)
(11057597,1)
(11221747,1)
(1335368,8)
(9212773,1)
(9273028,1)
(4391404,1)
(10691242,1)
(7558376,1)
(5455844,1)
(8692088,1)
(4196861,34)
(10560922,1)
(9267061,1)
(4909670,1)
(10976868,1)
(10173139,1)
(8343751,2)
(5471882,1)
(10433941,1)
(4960583,11)
(9681142,1)
(423251,3)
(6697986,1)
(10681603,3)
(5485030,2)
(8246786,3)
(7275659,1)
(9056416,1)
(666090,11)
(9446251,1)
(2282399,30)
(6636785,15)
(3314293,1)
(8576393,3)
(11019427,1)
(2159620,1)
(6812158,3)
(1240336,1)
(9522346,1)
(3198996,1)
(10102173,1)
(5485508,8)
(10361220,1)
(5477462,1)
(9055921,1)
(8375549,1)
(10896623,1)
(439083,6)
(9591665,1)
(9474133,10)
(6695951,2)
(3284639,14)
(3203124,3)
(372384,6)
(9070870,1)
(10278313,1)
(10450870,1)
(7279402,1)
(8841424,1)
(6573884,4)
(4183991,5)
(6757051,2)
(934957,8)
(10783961,1)
(10426318,1)
(2374513,1)
(4346387,1)
(10182085,1)
(9427009,1)
(9853655,1)
(1050201,4)
(1810186,1)
(10592305,2)
(1568766,1)
(1526122,1)
(645976,5)
(6538838,1)
(5890968,2)
(6559510,4)
(10933036,1)
(6555514,41)
(7604301,1)
(6767113,1)
(9772079,1)
(4875795,1)
(3912190,2)
(663903,1)
(2775004,1)
(10192958,1)
(10524823,2)
(8581667,1)
(3072878,5)
(10673936,1)
(904149,3)
(4489640,1)
(9169411,4)
(10038788,1)
(10316527,1)
(4508783,1)
(4295267,1)
(573219,1)
(3391504,27)
(9951827,1)
(2428856,1)
(7634614,7)
(9389895,4)
(235665,4)
(10720997,1)
(1213705,1)
(7457800,1)
(9999276,1)
(5962760,6)
(9407498,1)
(6505915,1)
(1268598,1)
(7119913,1)
(1830148,3)
(1453024,2)
(10926197,1)
(222759,21)
(11137787,1)
(2114160,12)
(1688592,21)
(9900328,1)
(2041620,12)
(10272571,1)
(11117437,1)
(4715594,1)
(2768976,1)
(693342,6)
(5618276,1)
(419995,1)
(9833558,1)
(11287420,1)
(6083215,1)
(10892366,1)
(2167801,13)
(709056,3)
(6630718,10)
(1466480,1)
(5969231,1)
(11079737,1)
(9438584,3)
(132001,2)
(9161716,1)
(2370553,1)
(9416966,1)
(11105359,1)
(1830085,23)
(3348368,3)
(9528160,1)
(9132330,1)
(2400685,2)
(5805647,3)
(9598730,1)
(1347086,5)
(2537792,23)
(4047668,1)
(10321576,2)
(11006854,1)
(9293936,3)
(401336,1)
(11313952,1)
(10569824,1)
(9077107,1)
(8409578,1)
(150074,31)
(661329,2)
(9598631,5)
(8988648,16)
(10374208,1)
(10389699,1)
(11246173,1)
(11101803,1)
(49138,1)
(10521303,1)
(1679646,1)
(10343040,1)
(1174916,9)
(5594381,1)
(1422073,29)
(4187294,2)
(8967407,4)
(1931975,2)
(3458159,1)
(4231294,5)
(9850432,1)
(4509737,1)
(8878956,4)
(1687863,1)
(5473411,11)
(10941767,1)
(10572046,1)
(10531041,1)
(3098951,45)
(2077450,2)
(10257578,1)
(1766997,1)
(10328407,1)
(130175,1)
(9079475,11)
(629460,179)
(3294160,1)
(9106249,1)
(217070,8)
(10116745,1)
(6710980,2)
(2078792,2)
(576973,2)
(1786346,2)
(9807656,1)
(11193136,1)
(8979936,4)
(10609757,1)
(682812,1)
(3395294,5)
(1043461,6)
(10061926,1)
(11304088,1)
(2980880,2)
(10609856,1)
(153800,10)
(9608053,1)
(10308995,1)
(6690451,1)
(25620,439)
(10485421,1)
(9684167,1)
(1107451,1)
(7878993,5)
(1369325,5)
(1541648,2)
(416772,4)
(9841379,1)
(9590521,1)
(3021874,1)
(448650,4)
(7257361,1)
(6721438,2)
(10596040,1)
(10695356,1)
(2858200,1)
(10595564,1)
(7369484,1)
(2771242,19)
(8512807,1)
(1791917,1)
(4121665,7)
(5578398,1)
(11018671,1)
(4009336,1)
(1098975,1)
(9568634,1)
(10983149,1)
(7612438,2)
(10112433,1)
(6914821,9)
(6515040,2)
(10894841,1)
(6912085,3)
(9466169,1)
(5013600,2)
(5467661,3)
(6602160,2)
(1172422,36)
(2103748,14)
(9321277,2)
(3145778,9)
(9431879,3)
(4401970,1)
(10294667,1)
(10574639,16)
(10741589,1)
(4439807,1)
(7066453,1)
(8439638,5)
(7417958,2)
(8278466,1)
(8853395,1)
(1730293,1)
(9135913,1)
(9906755,1)
(10690252,1)
(6720998,2)
(2941739,3)
(2846870,1)
(2042115,11)
(9885885,1)
(10463506,1)
(9437143,4)
(7039110,3)
(5545871,1)
(7370743,1)
(11128822,1)
(1579359,3)
(3280165,2)
(604638,91)
(8292271,46)
(9611130,1)
(5599881,2)
(10641805,1)
(2777534,7)
(9030874,15)
(3409685,26)
(4229350,41)
(1698294,3)
(7204602,3)
(1105435,2)
(3412069,5)
(5717122,1)
(7187846,1)
(9458645,1)
(1958345,47)
(2536315,2)
(4995530,2)
(9515650,1)
(10121857,1)
(4325146,3)
(1599357,1)
(11252374,1)
(270620,1)
(10776770,1)
(11051863,1)
(4356089,1)
(1340326,1)
(10905613,1)
(3255712,3)
(1039042,3)
(5988654,1)
(5731009,2)
(55221,858)
(3332022,1)
(10618766,1)
(10785509,2)
(5412977,17)
(10161240,1)
(7126906,2)
(3288770,1)
(1199702,15)
(10137832,2)
(6492352,1)
(4573358,12)
(2320198,2)
(10159153,1)
(1688952,5)
(5316136,2)
(4123087,2)
(5772581,3)
(9143374,2)
(11285701,1)
(9300847,1)
(735651,1)
(398223,2)
(4698170,16)
(3321385,6)
(7180528,1)
(9575861,2)
(5459507,3)
(6807956,3)
(9105600,2)
(9299390,5)
(6929861,5)
(9338080,3)
(4029983,2)
(2186729,3)
(9140728,1)
(9824684,2)
(2856789,1)
(1903345,16)
(272600,2)
(4557554,7)
(11087341,1)
(11287934,1)
(1346401,1)
(1182476,3)
(7108663,1)
(9517586,8)
(28032,10)
(9879233,1)
(8607974,2)
(2461886,3)
(10178378,1)
(3586111,6)
(9897413,1)
(10525769,1)
(3177458,1)
(10551391,2)
(3217174,19)
(575334,121)
(1224749,1)
(10082059,2)
(6785807,3)
(10876526,1)
(9320908,4)
(9544478,1)
(1269948,4)
(3553603,2)
(1865131,2)
(1776707,2)
(8844944,15)
(2449187,6)
(4080698,1)
(4057315,896)
(9991328,1)
(6214792,1)
(1212058,7)
(9003036,1)
(6525616,10)
(9139054,5)
(702071,1)
(6911518,1)
(9610492,1)
(8674628,1)
(5954048,2)
(9207463,1)
(8855177,8)
(7562894,2)
(7577348,1)
(6635399,1)
(10216933,1)
(10467106,1)
(2630662,3)
(1769219,2)
(168741,1)
(9873914,4)
(10457693,1)
(2372687,1)
(8353813,2)
(9292135,1)
(1617095,22)
(10844684,1)
(5797746,2)
(9588074,1)
(1203544,1)
(8031450,1)
(2171167,4)
(7551652,1)
(8240458,1)
(5490953,1)
(8982293,1)
(9467591,1)
(8377565,1)
(10379898,1)
(1979036,1)
(10996451,1)
(3998097,1)
(4832972,6)
(2704552,2)
(6914425,18)
(9588731,1)
(9588849,3)
(4143805,1)
(931473,1)
(9366179,4)
(5895594,1)
(7215899,4)
(8262634,2)
(4534289,1)
(9308443,1)
(6122004,1)
(7069379,1)
(2478969,1)
(283608,14)
(9316877,1)
(6709784,1)
(2067767,2)
(201914,303)
(2187755,1)
(5805809,1)
(10697633,1)
(2633984,1)
(9398912,1)
(11022702,1)
(10636586,1)
(5414858,1)
(11168620,1)
(3237730,6)
(7393928,1)
(4132401,3)
(8827097,13)
(243684,1)
(10501198,1)
(3882635,1)
(634789,1)
(2248973,1)
(9567798,2)
(5616601,5)
(10867418,1)
(10670119,1)
(10637477,1)
(5477327,1)
(8714858,1)
(10103325,1)
(2887677,2)
(964242,1)
(94507,3)
(9344498,1)
(1202103,3)
(1642763,4)
(8541913,1)
(8274091,1)
(111464,1)
(8256334,1)
(11144266,1)
(194382,1)
(1531630,1)
(9011352,1)
(4173046,1)
(4184071,1)
(4678136,2)
(647497,23)
(5775452,1)
(1561484,1)
(8278312,1)
(8909663,1)
(9138361,1)
(9839589,1)
(1328474,13)
(611810,3)
(2508235,1)
(8793068,6)
(8993994,5)
(1009658,1)
(9710897,1)
(7448846,1)
(10942342,1)
(3818005,8)
(9537287,3)
(2475999,7)
(10541752,1)
(9970123,1)
(7407580,2)
(1477686,11)
(6914920,2)
(395811,14)
(10395908,1)
(2636341,1)
(7458089,1)
(8814433,1)
(9066866,1)
(5371243,14)
(1640189,1)
(10551256,1)
(1584092,5)
(9609494,2)
(6514726,1)
(5970130,1)
(6719486,1)
(11249503,1)
(10893653,1)
(1627751,35)
(10808233,1)
(6780541,1)
(11110452,1)
(2369104,3)
(10604950,1)
(2767472,3)
(2196313,1)
(8240700,1)
(7113324,4)
(2721805,2)
(477162,1)
(2279050,12)
(9159214,2)
(10589426,1)
(9741848,1)
(9500827,1)
(3110424,4)
(10837600,1)
(11308796,1)
(8349809,1)
(9783879,1)
(3345596,4)
(9654728,1)
(11195468,1)
(4578696,1)
(4005277,2)
(4908699,2)
(3851288,1)
(1813,47)
(5604578,4)
(10677671,2)
(7512132,1)
(4954544,11)
(1963259,5)
(7497356,2)
(9286231,1)
(9348403,1)
(9926690,7)
(9900067,10)
(6760345,1)
(2174137,4)
(243431,16)
(8367313,1)
(8646331,1)
(720567,75)
(8862764,2)
(1202400,55445)
(9393016,1)
(4478651,1)
(2433553,1)
(1800448,1)
(4105410,1)
(1208170,6)
(10795896,1)
(3392981,5447)
(5930684,3)
(5619329,1)
(2676590,1)
(1090513,1)
(4512869,1)
(1694342,4)
(10245698,1)
(452222,2)
(6777266,2)
(10336525,2)
(10106944,3)
(10608965,1)
(6572858,1)
(3192668,1)
(1050869,3)
(7322926,1)
(8334706,2)
(6848609,1)
(10319371,1)
(5715601,8)
(954298,9)
(9514822,1)
(418590,3)
(3992723,5)
(8864087,1)
(2003109,3)
(130931,14)
(10875770,1)
(9245641,1)
(2275054,1)
(2127706,15)
(1942612,105)
(11288861,1)
(7056201,1)
(4241518,1)
(7197485,4)
(2772386,1)
(10539016,1)
(1669782,1)
(4482476,1)
(11047408,1)
(11171257,1)
(2280823,2)
