(5519714,1)
(8575995,10)
(7420456,1)
(5802656,5)
(1499544,7)
(10199895,1)
(2170318,4)
(10857687,1)
(1131316,38)
(11006176,1)
(1022911,4)
(1861169,1)
(6585897,9)
(11156774,1)
(11130844,1)
(1802597,1)
(7481657,2)
(8865812,1)
(1792265,1)
(10919408,1)
(715371,2)
(6943961,2)
(7254983,1)
(1735079,6)
(9261523,1)
(8876243,1)
(9301654,1)
(2937038,19)
(8991506,17)
(9319213,1)
(5219942,1)
(10322996,1)
(4390484,2)
(483009,2)
(10508594,1)
(7197662,1)
(417345,6)
(11009498,1)
(17789,1)
(10639670,1)
(9689088,1)
(3401851,1)
(7318937,1)
(4001502,1)
(779245,1)
(8508557,3)
(9727580,1)
(596815,3)
(8319467,2)
(9098822,1)
(9532739,1)
(47885,28)
(2968322,1)
(11140447,1)
(4046297,6)
(10717033,4)
(7164901,1)
(2883407,1)
(1820425,1)
(1115512,3)
(9633593,1)
(10207499,1)
(4979166,1)
(10739129,1)
(7041033,7)
(669300,6)
(9321454,3)
(3513226,1)
(8333137,1)
(3898031,1)
(1340503,2)
(5618967,2)
(7239935,1)
(981411,36)
(1018943,11)
(1879278,1)
(2400015,1)
(8345927,3)
(9644285,1)
(7432570,2)
(5786321,1)
(181554,9)
(11261777,1)
(1610611,1)
(9861257,1)
(10856697,1)
(11247502,1)
(9063776,1)
(9244946,1)
(1546451,1)
(9339211,1)
(9720622,1)
(2862419,1)
(3118810,1)
(10965498,1)
(10891913,1)
(10100389,1)
(277620,1)
(3217450,1)
(6586733,1)
(9729579,1)
(626532,1)
(4323604,8)
(6937779,6)
(3168978,129)
(7571071,2)
(9213959,1)
(10249574,1)
(10560109,1)
(422259,3)
(9688359,1)
(1976900,8)
(10161120,2)
(10362794,1)
(5061866,1)
(417606,125)
(4123327,2)
(6815206,4)
(10495201,2)
(4145297,1)
(1053700,5)
(10518755,1)
(4521406,32)
(9952120,1)
(7545683,1)
(10555385,1)
(10604830,1)
(9135037,4)
(1510225,53)
(2933771,47)
(9402076,3)
(7447989,1)
(9747498,1)
(8553610,1)
(627360,117)
(7813126,2)
(7518296,2)
(1416626,11)
(940876,1)
(950361,2)
(194479,1)
(11017264,2)
(9076907,1)
(2091569,1)
(9072983,1)
(7451696,1)
(5948970,3)
(1669563,2)
(6605524,27)
(6875516,1)
(7032934,1)
(7132267,2)
(10841044,1)
(1498040,122)
(209607,2)
(1501964,1)
(2066404,8)
(6060938,2)
(9824825,1)
(9050040,1)
(3181801,4)
(102470,5)
(1067912,43)
(7086430,1)
(3230897,2)
(4184861,1)
(10126363,1)
(2421355,1)
(1050947,1)
(4820161,10)
(1157183,1)
(3263864,1)
(1609965,5)
(10056389,1)
(3084737,7)
(8455655,2)
(8935698,4)
(2108452,10)
(5846351,1)
(10258844,1)
(5831410,1)
(10401745,1)
(7528655,3)
(8849450,1)
(1314403,35)
(1440232,4)
(2258357,1)
(10259988,1)
(1071421,7)
(10068313,1)
(6795678,1)
(8850052,53)
(10664483,1)
(8876397,5)
(7330014,1)
(10549049,1)
(9045343,9)
(7201927,1)
(453895,1)
(10410600,1)
(10960790,2)
(2587848,1)
(1865921,1)
(405924,20)
(2252227,2)
(3199866,1)
(3990227,1)
(9024292,1)
(215709,5)
(10805305,1)
(10419692,1)
(10968864,1)
(7064713,2)
(2663267,1)
(4986258,1)
(8691572,1)
(11009542,1)
(9150544,3)
(3237629,1)
(4838531,2)
(873691,1)
(2951555,1)
(6533155,10)
(3452800,1)
(6753881,1)
(2391539,1)
(4544726,2)
(11048468,1)
(11211367,1)
(676186,18)
(1984938,1)
(121659,34)
(6071116,1)
(486628,3)
(9498477,1)
(1960961,3)
(2286987,85)
(4071514,3)
(10275322,1)
(9635339,1)
(1173383,7)
(981925,3)
(8581808,1)
(5754704,1)
(9225163,1)
(9701669,1)
(11293691,1)
(4387019,1)
(6805919,3)
(10011982,2)
(10301593,2)
(9966332,1)
(10428764,2)
(4381079,1)
(10762952,1)
(4901954,1)
(4637921,1)
(5199864,1)
(10980202,1)
(9512524,1)
(11005483,1)
(9052138,1)
(2021197,3)
(9259238,1)
(10356494,1)
(10929399,2)
(3685893,1)
(3513776,1)
(9564851,1)
(8954453,1)
(6579245,2)
(7023150,8)
(7427837,1)
(4048475,2)
(9086645,1)
(10321159,1)
(1688337,74)
(3562187,8)
(11053561,1)
(3432758,40)
(7573628,18)
(1576269,4)
(2250409,2)
(536659,2)
(9644087,1)
(10019696,1)
(10320510,1)
(3261848,1)
(10783742,1)
(5137538,1)
(3666533,1)
(2981093,1)
(5060164,4)
(9777693,2)
(9701768,2)
(1697184,2)
(2777865,2)
(4854786,1)
(6716297,2)
(3991767,1)
(1354193,18)
(929563,1)
(3161605,1)
(1069433,9)
(2402798,1)
(8874425,18)
(1790609,1)
(4441252,7)
(3313598,1)
(4232461,77)
(6635873,2)
(8792002,2)
(53338,14)
(11247043,1)
(1721939,3398)
(3921890,2)
(8946489,2)
(3239032,1)
(4846712,1)
(602673,1)
(2708799,4)
(9801695,1)
(7820768,1)
(9396155,1)
(7253894,1)
(1172852,8)
(3467381,1)
(1262447,2)
(8971247,1)
(3500815,2)
(3092297,13)
(8371964,1)
(6897684,2)
(9848676,1)
(2787350,3)
(11108858,1)
(5972559,1)
(5950210,2)
(9014158,1)
(8314363,1)
(7331257,1)
(10070158,1)
(105693,20)
(1284939,11)
(3090820,3)
(6364775,3)
(604158,80)
(4222822,1)
(7722145,1)
(10225110,1)
(8692364,1)
(4292636,2)
(5637010,1)
(9914159,1)
(285405,2)
(10305256,1)
(10415759,1)
(3280144,1)
(7317730,1)
(1790708,1)
(9382754,4)
(6810256,1)
(2514352,1)
(10712182,1)
(9324820,1)
(2496713,111)
(8402888,1)
(10635124,4)
(3318809,1)
(10940800,1)
(7291973,1)
(9139385,8)
(7308262,1)
(2129440,1)
(298979,4)
(3748659,1)
(537289,1)
(568375,2)
(615697,1)
(8267456,1)
(8715629,1)
(7459157,3)
(7054769,2)
(4816102,1)
(125691,101)
(1903874,1)
(5484786,6)
(9309269,2)
(9122563,1)
(10136560,1)
(3896114,2)
(4235431,5)
(4709471,1)
(9931547,1)
(7561847,3)
(5479223,5)
(9721928,1)
(9341218,1)
(1786424,34)
(7380479,4)
(9811504,1)
(525255,8)
(7443361,1)
(1558999,2)
(6088730,1)
(731986,20)
(3273764,1)
(9369876,2)
(11221627,1)
(5570311,2)
(6615622,3)
(10921333,1)
(75091,1)
(10013269,9)
(9525331,1)
(6738536,4)
(9805457,1)
(1192814,2)
(9346141,1)
(176901,16)
(9897609,1)
(733119,1)
(456450,7)
(9380620,1)
(1309247,3)
(6766003,1)
(3494589,1)
(2520201,1)
(10410042,1)
(557908,1)
(10585544,1)
(9114481,19)
(3395237,1)
(1207376,3)
(7447673,1)
(8931386,1)
(9974513,1)
(10391468,1)
(7389227,1)
(9138197,1)
(1235357,4)
(1951556,28)
(9894161,2)
(9664409,1)
(10463422,1)
(10558418,1)
(6860927,1)
(8600121,2)
(713715,10)
(2055000,1)
(9247619,2)
(2477697,3)
(11012674,1)
(9384635,1)
(9762851,2)
(5600795,2)
(8339663,2)
(442059,4)
(4798518,2)
(4714899,2)
(10936120,2)
(10414750,1)
(2784641,6)
(182607,1)
(9457887,1)
(10310313,1)
(1700734,1)
(9823835,1)
(9564716,7)
(1042469,18)
(4585910,1)
(10776353,1)
(1465848,1)
(3452440,1)
(1920767,1)
(1082465,1)
(479932,8)
(311379,1)
(2414425,1)
(10783346,1)
(6709628,1)
(4843706,2)
(9507214,1)
(3274619,1)
(9832385,2)
(1557800,3)
(10341814,2)
(9226810,1)
(9173828,1)
(2465979,2)
(2705738,24)
(10408054,1)
(9507728,2)
(10186376,1)
(3140969,3)
(9499610,1)
(10544440,1)
(5948079,1)
(6735665,1)
(9141986,1)
(7346503,1)
(4743059,3)
(9141689,1)
(6764870,3)
(2906249,18)
(10483123,1)
(350998,4)
(894797,1)
(7378373,2)
(9226766,1)
(11096582,1)
(4011952,2)
(6812470,1)
(4821115,3)
(10370029,1)
(10852844,1)
(1532753,1)
(10034392,1)
(8969916,1)
(1205305,12)
(3313705,1)
(3115859,1)
(6868262,1)
(2343497,2)
(2787963,1)
(7386095,3)
(958787,1)
(9196238,2)
(1382039,1)
(9246610,2)
(452201,6)
(3435368,1)
(10398038,1)
(452058,9)
(869588,1)
(9187526,5)
(1239155,2)
(745387,2)
(10509089,2)
(8705251,1)
(682747,1)
(10534702,1)
(9995042,1)
(564261,2)
(4664813,1)
(3551008,1)
(9188868,1)
(8825753,1)
(32430,313)
(9178454,1)
(1281950,1)
(5348345,1)
(1968774,2)
(8392303,1)
(1606346,32)
(4671509,1)
(8869566,3)
(9520598,1)
(1862555,2)
(9526060,1)
(5913789,1)
(1731262,6)
(2501798,8)
(4792262,1)
(1345580,31)
(9184042,2)
(10504606,1)
(5543834,1)
(8846859,1)
(963907,1)
(2458337,3)
(1023208,12)
(1434707,3)
(1859379,1)
(1717916,191)
(9463736,1)
(1489086,30)
(1183742,1)
(4823087,8)
(2867441,23)
(3199253,2)
(10415443,1)
(7471955,1)
(9061958,1)
(2383556,1)
(10940044,1)
(9654941,1)
(10881752,1)
(9986484,1)
(10926635,1)
(1520422,1)
(2020666,4)
(256786,23)
(9365050,1)
(10698657,2)
(4562249,1)
(2784795,1)
(10936373,1)
(9806546,2)
(8773698,1)
(10982336,1)
(9604072,1)
(10109984,1)
(6440491,1)
(6729527,5)
(670911,3)
(6514345,1)
(1927021,2)
(9741214,1)
(3637760,158)
(9002124,1)
(1919057,1)
(7495058,1)
(9049303,1)
(9180901,1)
(9800713,1)
(2209234,1)
(9984567,1)
(8927624,1)
(10532939,1)
(8289038,1)
(9922871,6)
(9667514,1)
(4275130,22)
(8347033,2)
(9305001,1)
(8342308,2)
(8350778,1)
(6548500,1)
(9192223,1)
(155418,14)
(7943564,2)
(10973363,1)
(6886893,5)
(3102277,5)
(569860,11)
(9191486,2)
(2199966,2)
(9598665,7)
(9012439,2)
(9580952,1)
(10196573,3)
(6706199,1)
(2096852,7)
(7996845,2)
(10376302,1)
(3919866,1)
(9999093,1)
(7406272,1)
(9009640,1)
(10910740,1)
(10882904,1)
(10682465,1)
(9718076,1)
(8887232,6)
(4947233,1)
(9038468,5)
(6846941,1)
(7360525,1)
(673323,74)
(3037487,1)
(111380,19)
(5524565,1)
(9021583,2)
(3128251,3)
(9460568,3)
(10512012,1)
(9335864,1)
(8540696,1)
(990673,55)
(1034909,1)
(10260832,2)
(1467369,1)
(379032,1)
(11174099,1)
(1034170,2)
(10868676,1)
(8334776,1)
(2476715,3)
(3901504,2)
(6637916,1)
(888695,17)
(9131437,1)
(6727187,8)
(10671575,1)
(10214987,1)
(10816385,1)
(2307695,2)
(1937930,1)
(1390355,2)
(10932124,3)
(5808038,5)
(1643075,2)
(2804279,3)
(11255521,1)
(3147160,1)
(7053977,1)
(10355152,1)
(4239149,3)
(10540147,1)
(9952887,1)
(9242290,2)
(1329182,1)
(10471397,1)
(8946074,1)
(6692465,2)
(5895672,2)
(9387957,1)
(7061996,1)
(2658551,9)
(8849667,1)
(1444148,161)
(9521272,4)
(10039658,1)
(2133562,2)
(92795,39)
(8978015,1)
(1916843,4)
(908160,2)
(10764077,1)
(9191846,1)
(10941089,1)
(10273892,1)
(9679881,1)
(8246369,1)
(9624133,1)
(1217834,50)
(996712,2)
(4847658,7)
(10115833,1)
(48424,15548)
(5566857,2)
(4386821,4)
(10541588,1)
(5689095,2)
(2998022,13)
(8433875,2)
(10828328,1)
(10076035,1)
(10272910,1)
(4610407,3)
(10240339,1)
(2770899,2)
(5765234,1)
(10194700,1)
(6621111,2)
(10979790,1)
(160863,1)
(10423327,1)
(3046397,1)
(4369631,1)
(7419719,1)
(2167277,6)
(5612224,1)
(5995068,2)
(1956506,4)
(9715114,2)
(7371910,1)
(11311690,1)
(882150,1)
(8738273,2)
(424572,7)
(8372693,1)
(6616090,7)
(8259987,1)
(103839,1)
(9587676,3)
(661399,4)
(2996916,1)
(10533000,1)
(10121061,1)
(10022179,1)
(10776100,2)
(21658,16)
(5563175,1)
(4302553,1)
(11138459,1)
(9909209,8)
(10402537,1)
(8462909,1)
(1609352,2)
(3384130,5)
(11251363,1)
(4066240,1)
(10796829,1)
(2982597,1)
(10438862,1)
(9543764,1)
(3184925,2)
(9152164,2)
(672432,29)
(4011817,9)
(4702513,2)
(1143548,1)
(11072335,1)
(9174007,3)
(10163001,1)
(1381030,1)
(10954292,1)
(4851860,6)
(8833772,1)
(9049006,1)
(6772501,3)
(493918,7)
(10749623,2)
(8565130,1)
(7518692,4)
(302117,1)
(6582872,1)
(8790734,5)
(9812981,1)
(10144606,1)
(6627601,1)
(10949243,1)
(2801155,1)
(9280946,5)
(10913369,1)
(779894,1)
(9525845,1)
(3380684,1)
(8812748,14)
(4558839,5)
(9272215,1)
(9835102,1)
(4416791,6)
(5457894,2)
(4987086,1)
(2377616,14)
(10705315,1)
(3898545,1)
(5570069,1)
(5848548,1)
(1090088,79)
(1589887,8)
(5957943,4)
(8610021,1)
(10041899,1)
(7089590,1)
(10229620,1)
(2517539,1)
(7472882,1)
(8354161,1)
(11206200,1)
(10871555,1)
(4049212,1)
(5041390,1)
(4415828,1)
(2097581,2)
(10900895,1)
(9450910,3)
(8882048,1)
(10804865,1)
(9097436,1)
(1001365,3)
(4679493,3)
(10070455,3)
(3225749,1)
(5415115,1)
(6123127,1)
(10723847,1)
(10799637,1)
(7306183,1)
(10876857,3)
(9434666,2)
(9683552,1)
(9825301,1)
(9104905,1)
(2717690,1)
(6585086,1)
(2533739,1)
(11147369,1)
(1454147,6)
(11227397,1)
(8349013,1)
(9921809,1)
(4078689,1)
(10165171,1)
(10068827,1)
(9569180,1)
(4446950,4)
(3391989,14)
(2646338,1)
(10876794,1)
(7279120,2)
(11091505,1)
(9185230,2)
(807180,1)
(8789736,2)
(1916942,2)
(2116831,26)
(6702607,1)
(4451215,2)
(9308873,1)
(2401005,5)
(7419296,1)
(8468660,1)
(10080355,1)
(4475165,2)
(3071551,13)
(5780804,1)
(1048184,13)
(5770382,1)
(5587485,2)
(9319051,1)
(7260670,1)
(2703604,1)
(1442762,1)
(9983379,1)
(10886694,2)
(2706016,1)
(9144497,1)
(3442397,1)
(9991343,2)
(8768649,1)
(9139088,1)
(1221794,33)
(1620250,1)
(8957577,6)
(9298398,1)
(8943167,4)
(911454,26)
(2315920,1)
(2435729,6)
(11255422,1)
(2378381,1)
(3072802,1)
(9816086,1)
(9756092,1)
(8842899,1)
(7570900,3)
(9821080,1)
(7088825,1)
(10181786,1)
(5770409,6)
(11179148,1)
(111993,91)
(9140608,1)
(9645374,1)
(3249806,6)
(4129600,1)
(9081640,1)
(2782012,1)
(10352146,1)
(11063920,1)
(10732298,1)
(7287851,1)
(2059466,2)
(8906177,3)
(9443378,1)
(109950,10)
(11182478,1)
(10942439,1)
(9747506,1)
(921516,3)
(1812794,1)
(4230742,9)
(7603309,1)
(10564718,1)
(10825718,1)
(5778401,2)
(10163092,1)
(10327171,1)
(5397963,1)
(1472363,31)
(10352993,4)
(10728987,4)
(6861340,3)
(394503,1)
(4710983,9)
(11064352,2)
(5868681,3)
(9943012,1)
(1824737,15)
(11109235,1)
(3154928,2)
(10949405,1)
(10743089,1)
(10317433,1)
(9331750,4)
(9674543,1)
(4287010,1)
(10836644,1)
(2830838,5)
(681801,24)
(9691788,2)
(9536078,1)
(10068016,1)
(1133783,1)
(5549612,76)
(4694018,1)
(4026505,2)
(2935553,1)
(2030269,2)
(4159319,1)
(7565483,1)
(10724936,1)
(7322707,1)
(5737316,2)
(8776569,1)
(3504569,1)
