(1041,1.1046221254112046E-4)
(1042,1.1046221254112046E-4)
(1043,1.1046221254112046E-4)
(1044,1.1046221254112046E-4)
(1045,1.1046221254112046E-4)
(1046,1.1046221254112046E-4)
(1047,1.1046221254112046E-4)
(1048,1.1046221254112046E-4)
(1049,1.1046221254112046E-4)
(105,5.3612075311204505E-6)
(1050,1.1046221254112046E-4)
(1051,1.1046221254112046E-4)
(1052,1.1046221254112046E-4)
(1053,1.1046221254112046E-4)
(1054,1.1046221254112046E-4)
(1055,1.1046221254112046E-4)
(1056,1.1046221254112046E-4)
(1057,1.1046221254112046E-4)
(1058,1.1046221254112046E-4)
(1059,1.1046221254112046E-4)
(106,6.401811541120451E-6)
(1060,1.1046221254112046E-4)
(1061,1.1046221254112046E-4)
(1062,1.1046221254112046E-4)
(1063,1.1046221254112046E-4)
