(1064,1.1046221254112046E-4)
(1065,1.1046221254112046E-4)
(1066,1.1046221254112046E-4)
(1067,1.1046221254112046E-4)
(1068,1.1046221254112046E-4)
(1069,1.1046221254112046E-4)
(107,7.432112541120452E-6)
(1070,1.1046221254112046E-4)
(1071,1.1046221254112046E-4)
(1072,1.1046221254112046E-4)
(1073,1.1046221254112046E-4)
(1074,1.1046221254112046E-4)
(1075,1.1046221254112046E-4)
(1076,1.1046221254112046E-4)
(1077,1.1046221254112046E-4)
(1078,1.1046221254112046E-4)
(1079,1.1046221254112046E-4)
(108,8.452212541120452E-6)
(1080,1.1046221254112046E-4)
(1081,1.1046221254112046E-4)
(1082,1.1046221254112046E-4)
(1083,1.1046221254112046E-4)
(1084,1.1046221254112046E-4)
(1085,1.1046221254112046E-4)
(1086,1.1046221254112046E-4)
(1087,1.1046221254112046E-4)
