(1019,1.1046221254112046E-4)
(102,2.1765419783124415E-6)
(1020,1.1046221254112046E-4)
(1021,1.1046221254112046E-4)
(1022,1.1046221254112046E-4)
(1023,1.1046221254112046E-4)
(1024,1.1046221254112046E-4)
(1025,1.1046221254112046E-4)
(1026,1.1046221254112046E-4)
(1027,1.1046221254112046E-4)
(1028,1.1046221254112046E-4)
(1029,1.1046221254112046E-4)
(103,3.248677330419451E-6)
(1030,1.1046221254112046E-4)
(1031,1.1046221254112046E-4)
(1032,1.1046221254112046E-4)
(1033,1.1046221254112046E-4)
(1034,1.1046221254112046E-4)
(1035,1.1046221254112046E-4)
(1036,1.1046221254112046E-4)
(1037,1.1046221254112046E-4)
(1038,1.1046221254112046E-4)
(1039,1.1046221254112046E-4)
(104,4.310197481020451E-6)
(1040,1.1046221254112046E-4)
