(0,0.010936852726843612)
(1,1.0936852726843613E-6)
(10,1.0462212541120453E-5)
(100,1.1046221254112046E-4)
(1000,1.1046221254112046E-4)
(10000,1.1046221254112046E-4)
(1001,1.0936852726843613E-6)
(1002,2.1765419783124415E-6)
(1003,3.248677330419451E-6)
(1004,4.310197481020451E-6)
(1005,5.3612075311204505E-6)
(1006,6.401811541120451E-6)
(1007,7.432112541120452E-6)
(1008,8.452212541120452E-6)
(1009,9.462212541120453E-6)
(101,1.0936852726843613E-6)
(1010,1.0462212541120453E-5)
(1011,1.1046221254112046E-4)
(1012,1.1046221254112046E-4)
(1013,1.1046221254112046E-4)
(1014,1.1046221254112046E-4)
(1015,1.1046221254112046E-4)
(1016,1.1046221254112046E-4)
(1017,1.1046221254112046E-4)
(1018,1.1046221254112046E-4)
