(5537173,1)
(9634997,2)
(729609,20)
(3118053,3)
(9822286,3)
(10554295,1)
(3470872,59)
(4499320,4)
(273461,3)
(9607492,2)
(6776650,1)
(2901991,3)
(8899526,2)
(5648152,1)
(1670227,1)
(9418726,2)
(2836552,1)
(4551592,1)
(11117019,1)
(6770575,6)
(9510282,1)
(10644448,2)
(6560406,7)
(9866242,1)
(2112375,20)
(9431497,1)
(9392004,1)
(257478,4)
(9109189,33)
(37137,8)
(10834212,1)
(1547558,6)
(10302384,1)
(3009612,6)
(278114,1)
(10671772,1)
(10952734,1)
(10688800,2)
(9411048,1)
(9643203,1)
(11040654,1)
(8842447,13)
(1535722,1)
(10202204,1)
(9490924,1)
(1047652,1)
(74127,3)
(4481365,2)
(2140491,1)
(6761313,2)
(1113748,2)
(10920081,1)
(10883236,1)
(439322,61)
(2339536,3)
(3036540,17)
(6820416,4)
(11109072,1)
(8337745,1)
(1310406,15)
(2790643,26)
(2684254,1)
(10072335,1)
(2900668,7)
(9638308,1)
(564422,18)
(9570006,1)
(8743186,1)
(4555354,1)
(1292957,25)
(7434711,2)
(151042,18)
(10215327,1)
(10556239,2)
(10310466,1)
(7419402,34)
(3108667,1)
(3298469,3)
(8971895,1)
(620816,31)
(8189344,1)
(8615773,2)
(5472355,67)
(2299207,1)
(2240904,1)
(9472744,1)
(1815015,5)
(3294490,4)
(10304463,1)
(2084674,3)
(8309511,1)
(1501314,28)
(10760737,1)
(8742817,1)
(7139683,1)
(9151173,1)
(10863373,1)
(3011240,2)
(5463896,2)
(9622512,1)
(5867717,1)
(6444117,1)
(197899,1)
(1595636,2)
(1487366,6)
(7636528,1)
(10857488,1)
(9332208,1)
(6824269,3)
(9503929,5)
(1900614,4)
(10018191,1)
(395781,1)
(3053488,1)
(2594461,7)
(6904855,1)
(10960591,1)
(2897041,7)
(2870536,2)
(382721,3)
(507173,1)
(2150517,4)
(5568773,1)
(1160836,27)
(10340166,1)
(5517689,1)
(3520353,1)
(10340210,1)
(6875191,3)
(4009053,1)
(9002970,18)
(7382458,4)
(9788249,1)
(3153676,45)
(9453970,3)
(7401807,1)
(746222,15)
(4119240,1)
(8402634,3)
(10116660,1)
(11268607,1)
(9745976,1)
(901256,17)
(7504399,1)
(7946272,1)
(8290530,5)
(11203482,1)
(4523872,8)
(9692821,2)
(5151658,1)
(4495522,3)
(1536929,3)
(2505199,3)
(421150,34)
(9685586,1)
(2803170,2)
(109850,2)
(1503484,4)
(8016732,1)
(5748494,3)
(315833,2)
(9441180,2)
(5544067,1)
(8310627,2)
(4139004,1)
(4983746,5)
(9810810,1)
(9666460,2)
(4555417,7)
(2087608,5)
(2765588,6)
(727368,2)
(10511986,1)
(31142,1)
(9499213,1)
(9632412,1)
(9343233,1)
(10153911,1)
(8421697,1)
(10047676,1)
(6698143,1)
(10250986,1)
(10233282,1)
(289158,2)
(10221014,1)
(9020097,2)
(7189246,1)
(10966649,1)
(9994664,1)
(9860428,1)
(4727650,1)
(10369778,1)
(9510840,1)
(1788890,2)
(916656,20)
(210992,2)
(875788,3)
(10027975,1)
(6696424,27)
(9176176,1)
(10150482,1)
(4787014,3)
(4402957,3)
(8084728,1)
(3473284,1)
(9018667,1)
(10766155,1)
(787876,15)
(11079418,1)
(9881218,1)
(1750170,3)
(58620,4)
(2474473,1)
(10024455,1)
(5565000,1)
(6514047,5)
(3958736,1)
(9854975,1)
(10586533,1)
(10055857,2)
(5768690,1)
(9022789,2)
(2898031,74)
(3549613,2)
(10115436,1)
(2691896,4)
(9320823,2)
(9441919,1)
(9559595,1)
(7116228,1)
(7621065,1)
(5801115,62)
(11194717,1)
(3580825,1)
(5929213,4)
(10557878,1)
(6249178,1)
(5802853,3)
(10607818,1)
(3096850,1)
(10121420,1)
(10201511,1)
(6938092,1)
(3345871,14)
(1985314,1)
(6160710,1)
(1297880,27)
(1907770,1)
(6941944,1)
(10312149,1)
(5516446,6)
(8233803,1)
(4837496,1)
(10127217,1)
(11005509,2)
(11013979,2)
(3590310,19)
(10925031,1)
(11056035,1)
(63985,3)
(9301851,3)
(5577287,1)
(5011950,1)
(10794073,1)
(9040969,1)
(10984829,1)
(3887401,1)
(10504894,1)
(11040951,1)
(1757218,1)
(10530903,4)
(5953685,1)
(3903024,25)
(5492713,2)
(10892399,1)
(796588,1)
(10827535,1)
(8246467,1)
(9260532,1)
(7706197,1)
(10498676,1)
(1823908,1)
(3007335,1)
(2664391,2)
(1320919,3)
(10391926,1)
(10583879,1)
(3857594,3)
(9166636,2)
(10800417,2)
(4343791,2)
(11197110,1)
(11230789,1)
(10271776,1)
(7608231,2)
(9145233,6)
(5495675,5)
(9640486,1)
(9554716,1)
(10584256,1)
(10817572,1)
(3617527,1)
(6901830,7)
(8806898,1)
(103126,40)
(11159130,1)
(7329367,1)
(9810469,1)
(9462583,1)
(9411642,3)
(2814934,2)
(926295,13)
(10055794,5)
(613265,5)
(9199180,1)
(9021645,1)
(5803032,2)
(9713683,2)
(9103400,1)
(2780699,3)
(2462043,1)
(238866,13)
(2370586,1)
(6918319,3)
(10762096,1)
(10704063,2)
(82641,1)
(9282510,2)
(8861716,1)
(1128076,3)
(1635910,1)
(4515457,2)
(2483248,4)
(9327943,1)
(9104580,1)
(441211,5)
(36147,34)
(3234081,1)
(9806941,1)
(4449479,6)
(10429357,1)
(7445007,4)
(1636955,1)
(9177067,2)
(569229,34)
(9841852,1)
(11143092,1)
(8927524,23)
(9211013,1)
(2329375,4)
(4324945,5)
(4835939,2)
(11195941,1)
(572397,1)
(1743556,4)
(9503055,2)
(5930211,1)
(1416427,2)
(10787891,1)
(10281478,1)
(549528,2)
(200542,18)
(6715116,1)
(9030816,5)
(1311784,1)
(9773858,1)
(1251853,1)
(9261225,2)
(10389424,1)
(11180398,1)
(4328897,1)
(4158625,4)
(9841393,1)
(9876656,2)
(7510644,1)
(10467832,2)
(930128,1)
(9841096,2)
(9587576,1)
(2559550,27)
(7275835,1)
(4129393,1)
(9346393,2)
(2771022,4)
(11252091,1)
(8872840,2)
(9491202,2)
(3401003,1)
(9645788,1)
(1520377,3)
(127436,5)
(11097120,1)
(5007072,1)
(9577621,1)
(1784506,6)
(2688566,1)
(10580395,1)
(7063128,3)
(7377508,2)
(5176697,1)
(8850051,57)
(7660,10)
(2141148,10)
(11260731,1)
(10703389,1)
(1446875,1)
(5001203,1)
(3817499,1)
(11125588,1)
(2892154,11)
(2312355,1)
(1460608,4)
(11293258,1)
(3886763,1)
(6706396,4)
(10797340,1)
(8968727,1)
(1601205,2)
(3181657,1)
(4159813,2)
(9978879,2)
(6691438,4)
(1942447,4)
(8966882,1)
(7813639,2)
(2405910,5)
(558122,1)
(4836118,4)
(6989690,1)
(10838777,1)
(111280,8)
(5492650,24)
(9043939,6)
(6631939,9)
(8147827,1)
(9970318,3)
(3986357,19)
(10693318,1)
(6785876,16)
(6527629,1)
(273678,2)
(6744024,3)
(9105589,1)
(6535747,6)
(5379746,2)
(3441090,1)
(7471495,1)
(9488125,1)
(3577072,14)
(10815853,1)
(1231891,6)
(10930602,1)
(4860986,1)
(8608230,1)
(2056008,2)
(10260039,1)
(8796665,16)
(1157281,5)
(5914129,2)
(7804350,1)
(4166842,44)
(8562538,1)
(8943823,9)
(10599304,2)
(11266429,1)
(2786422,1)
(1794992,4)
(11258608,1)
(2655445,8)
(5475721,1)
(634352,12)
(8675470,6)
(2433847,6)
(1529062,15)
(683321,5)
(2201376,2)
(2411913,7)
(2240995,3)
(991860,4)
(10812388,1)
(9909604,1)
(2501995,2)
(4567333,13)
(10448112,1)
(10725862,1)
(9946748,1)
(11030600,1)
(3519094,8)
(8324479,3)
(8787854,1)
(3466,45)
(386123,12)
(3921303,1)
(9306009,1)
(1004785,1)
(11001170,1)
(11292051,1)
(62904,11)
(2560116,1)
(7280073,2)
(7589008,3)
(2412840,2)
(11197165,1)
(7036632,2)
(11178517,1)
(4410525,47)
(8793343,57)
(207068,1)
(4183537,1)
(10771861,1)
(9107253,2)
(1817130,1)
(9391924,1)
(6201666,2)
(9612810,6)
(10784371,1)
(8539840,3)
(2121898,7)
(5389088,1)
(7388731,1)
(9596747,1)
(9396550,1)
(3379487,9)
(4206838,8)
(828186,1)
(9824310,1)
(10093279,1)
(952007,1)
(10134859,1)
(4946459,2)
(9901882,1)
(9666163,1)
(9329013,1)
(9499114,1)
(10071499,3)
(10087771,2)
(5898759,8)
(4792478,5)
(10222202,1)
(5740708,1)
(1645252,17)
(6698495,1)
(7317171,1)
(8458723,1)
(10659730,1)
(1983271,1)
(6939640,2)
(11112311,1)
(9187228,2)
(789180,11)
(3066259,20)
(10209225,1)
(9374833,1)
(8908219,1)
(10339014,1)
(647178,4)
(8745661,1)
(8763698,4)
(734856,3)
(3239482,1)
(3564012,1)
(9976646,3)
(4530711,4)
(8334162,1)
(4192609,17)
(4368956,1)
(9129808,1)
(1869179,1)
(4111545,1)
(10494977,2)
(4568422,2)
(10653303,1)
(10698601,1)
(10679387,1)
(6863176,2)
(9666262,8)
(10050492,1)
(7520706,1)
(9784630,2)
(2104590,4)
(10821658,1)
(8163667,1)
(219443,1)
(631698,1)
(10096898,1)
(2162136,2)
(7285933,2)
(8926949,1)
(2017533,2)
(6666724,1)
(3203391,1)
(3996301,1)
(4726778,2)
(4151857,2)
(7086907,7)
(9403722,1)
(4180611,1)
(9829667,1)
(5718758,2)
(9816841,3)
(10669784,1)
(239441,2)
(7138918,2)
(10435242,1)
(10081083,1)
(5720485,2)
(3884134,6)
(9086284,6)
(11214949,1)
(3835066,3)
(11241327,1)
(8788187,1)
(2258202,7)
(2303706,1)
(379608,2)
(9690698,2)
(9254485,1)
(9238799,1)
(977505,1)
(10234272,2)
(8868539,1)
(131602,2)
(8409295,4)
(5866925,4)
(4667026,1)
(10885054,1)
(8870365,2)
(2241688,10)
(9301202,1)
(10392204,1)
(11217658,2)
(11038729,1)
(1837444,1)
(3458137,1)
(8925706,2)
(910067,1)
(9228583,3)
(120668,1)
(1971319,1)
(96358,9)
(4683721,11)
(7363486,1)
(7296012,2)
(9444466,2)
(7128595,1)
(2485462,1)
(6694282,8)
(3150714,1)
(10683913,1)
(8542639,1)
(8552421,1)
(1095334,61)
(1773652,12)
(6597424,15)
(3183637,1)
(10057675,1)
(295818,22)
(403646,1)
(10108605,1)
(5418021,12)
(9321156,2)
(8808823,24)
(7262190,1)
(9773993,4)
(9097372,2)
(10472287,1)
(7499053,1)
(1459808,3)
(1744807,1)
(11148501,1)
(9874027,2)
(8411797,1)
(726873,5)
(6712498,9)
(662234,6)
(4568639,1)
(4175400,3)
(6939398,2)
(2299658,390)
(9522027,2)
(5820934,2)
(1953436,28)
(2251038,1)
(747050,1)
(8310924,1)
(9911133,1)
(8903665,1)
(7915582,1)
(4517932,1)
(3353593,2)
(6628843,11)
(10879114,1)
(4410561,24)
(9498179,2)
(11253801,1)
(3883298,21)
(8904006,2)
(959361,46)
(3933139,107)
(3252126,2)
(3435862,1)
(6278086,1)
(2338780,2)
(8464564,2)
(9372592,2)
(5941390,1)
(5565055,11)
(9389620,1)
(7642152,1)
(10515289,1)
(8789276,5)
(3019765,16)
(6521689,1)
(4824373,1)
(2031096,3)
(898657,1)
(9922177,1)
(9844525,2)
(1426110,1)
(7237440,2)
(4689400,1)
(10049593,1)
(10884424,1)
(10885829,1)
(6608782,5)
(11179958,1)
(872727,1)
(9202554,1)
(5778419,1)
(1359359,1)
(2074279,9)
(8960059,1)
(729447,4)
(4575910,10)
(4175969,6)
(11217757,1)
(9817688,1)
(10267753,1)
(9569008,1)
(2321166,2)
(8361216,1)
(10417062,2)
(1350600,9)
(9550503,1)
(9334620,1)
(7970914,1)
(2907274,6)
(10723882,3)
(9198668,1)
(10882147,1)
(11054712,1)
(1853941,2)
(621284,57)
(2809228,11)
(2838631,13)
(1495907,83)
(7388948,3)
(7046532,2)
(9948665,1)
(10567011,1)
(2627563,2)
(10177113,1)
(4136449,3)
(648825,1)
(572595,28)
(2142237,16)
(7213996,1)
(10064000,2)
(6786415,9)
(10135335,2)
(7281775,1)
(3047683,16)
(8831818,2)
(9688196,3)
(9506223,9)
(10737085,1)
(10773148,1)
(9872506,1)
(4139400,2)
(6783797,2)
(365586,4)
(10545187,1)
(2984738,7)
(6798188,5)
(10812036,1)
(4779608,1)
(5264202,2)
(8236710,3)
(11293096,1)
(3456292,1)
(7509330,1)
(8274187,1)
(11206515,1)
(3088570,1)
(647673,4)
(5898281,3)
(8402472,1)
(8598269,1)
(7689944,9)
(10695785,1)
(7167664,1)
(7594318,1)
(2515819,4)
(8647651,1)
(8805457,11)
(188439,4)
(6872031,1)
(3330732,2)
(9298991,2)
(450833,36)
(10901947,1)
(120910,1)
(2782877,1)
(9044767,9)
(1788296,1)
(2050662,11)
(5135007,4)
(10028217,1)
(9156079,1)
(7198417,2)
(10932439,1)
(6755365,2)
(10157269,1)
(9065502,1)
(10688495,1)
(4734409,4)
(9949006,1)
(10184007,1)
(4409464,7)
(8367247,1)
(9619589,1)
(2383492,1)
(3329374,1)
(9662167,1)
(7570990,1)
(9027577,1)
(4550926,1)
(10696621,1)
(4702864,6)
(6773581,1)
(445262,24)
(5404738,1)
(7279787,2)
(2604009,2)
(2236323,3)
(968983,1)
(428289,1)
(902804,21)
(8582437,6)
(9746254,1)
(3188975,1)
(10765426,1)
(9501633,4)
(10689485,1)
(5725688,3)
(1060549,18)
(1367422,4)
(5773252,1)
(5734958,2)
(647277,5)
(9903051,1)
(7039107,1)
(1724845,4)
(4781173,1)
(10381927,1)
(2995150,1)
(1725321,1)
(10489351,1)
(9476759,1)
(10137018,1)
(7500032,1)
(6706819,5)
(2067682,1)
(5945468,6)
(10014492,3)
(8412336,1)
(4137222,2)
(3571393,6)
(896262,47)
(1249513,4)
(11260533,1)
(7527312,4)
(6567661,27)
(5774198,2)
(9477983,2)
(9626978,1)
(7466509,2)
(11018451,1)
(10493473,1)
(11160507,1)
(2150102,2)
(1747219,1)
(4183735,1)
(10336297,1)
(279555,2)
(9481519,2)
(3505800,5)
(9869861,2)
(9968960,2)
(11029396,1)
(8910955,6)
(7427421,5)
(9193663,1)
(10138657,1)
(9311300,1)
(9879310,1)
(2249248,31)
(9545680,1)
(10942339,1)
(11276725,1)
(928022,44)
(3883342,6)
(10269139,1)
(785698,89)
(10469867,1)
(10770178,1)
(11289848,1)
(7612254,1)
(6626863,1)
(2706367,1)
(6603741,1)
(1444895,1)
(7690799,1)
(3214894,1)
(9391726,5)
(3428536,1)
(6234589,1)
(1604824,7)
(10215561,1)
(2334289,5)
(10855255,1)
(9416133,1)
(1117483,1)
(10109073,1)
(282137,10)
(2411715,2)
(8056,10)
(3271585,3)
(9985204,2)
(7782553,1)
(730247,31)
(2880472,29)
(2559965,2)
(9006237,1)
(7278049,1)
(11096149,1)
(10815501,1)
(7432588,2)
(1832458,17)
(917781,1)
(9775937,1)
(2882768,15)
(2460720,8)
(9055242,1)
(6890013,5)
(16644,196)
(1251600,1)
(4798003,2)
(5872153,3)
(225130,7)
(8456743,1)
(3119953,2)
(10321301,1)
(2600706,1)
(3353719,32)
(5712051,3)
(9255736,1)
(7144245,2)
(7218171,1)
(2253568,2)
(10680745,1)
(1334293,4)
(1163383,186)
(2241534,1)
(10732503,1)
(238019,6)
(9569891,1)
(22881,2)
(7043364,1)
(10095655,1)
(7045759,4)
(8766253,9)
(1656917,2)
(10924915,1)
(4687123,26)
(713156,1)
(3277660,1)
(1016728,10)
(8876297,1)
(10774633,1)
(2311112,9)
(1461076,3)
(76756,2)
(2472718,26)
(10912837,1)
(9457435,1)
(10654186,1)
(9688105,2)
(9955702,5)
(4217863,1)
