(9495660,1)
(10766166,1)
(6644405,3)
(5379405,6)
(7295132,1)
(10342454,1)
(6778803,1)
(7066505,2)
(9288318,8)
(4830486,8)
(8334948,1)
(1801779,1)
(9399072,1)
(9851015,1)
(8819067,1)
(1368261,1)
(3257060,1)
(136500,61)
(6379473,1)
(10369022,1)
(9271785,6)
(9610580,1)
(10159241,1)
(1462536,56)
(4255917,7)
(2714955,34)
(1843890,1)
(1751171,2)
(9317144,2)
(1800671,1)
(4865730,2)
(1415781,1)
(4791499,3)
(10862952,1)
(4009028,1)
(7803236,1)
(10569390,1)
(10204583,1)
(11123627,1)
(10606424,1)
(9253217,2)
(5057592,1)
(10916808,1)
(1342188,1)
(1176976,2)
(11194412,1)
(8541795,1)
(647945,1)
(3036317,7)
(11277311,1)
(3103970,2)
(9839578,1)
(937105,1)
(2899799,1)
(6551345,3)
(1012265,3)
(9436359,1)
(6731679,22)
(5953993,12)
(10435000,1)
(8715576,2)
(10909815,1)
(672299,4)
(8976180,3)
(428803,1)
(3335072,1)
(6740633,8)
(5578747,1)
(6549005,2)
(10887900,1)
(1352844,4)
(6690701,3)
(197044,1)
(3022097,1)
(2095737,1)
(683233,1)
(7104791,2)
(6936582,1)
(9871112,2)
(11008661,1)
(4151354,3)
(144222,2)
(8869738,8)
(614211,7)
(9191441,2)
(3294627,1)
(4570476,1)
(899900,8)
(2485220,1)
(7223096,1)
(11071193,1)
(1448965,34)
(2623938,1)
(11029118,1)
(8567076,2)
(9465861,1)
(10242626,1)
(6691188,1)
(9719689,2)
(10756824,1)
(3411527,4)
(4074134,1)
(9400664,1)
(5386074,1)
(3482565,1)
(625354,2)
(8716610,1)
(2775499,2)
(8467806,4)
(6521799,2)
(10549103,1)
(11304671,1)
(5062019,5)
(7808934,1)
(571228,13)
(9585651,1)
(6876156,3)
(1852151,55)
(10820561,1)
(10748148,1)
(6574665,2)
(358568,3)
(4390403,3)
(1643445,3)
(6719024,4)
(4192557,18)
(8890770,14)
(8364071,2)
(10449311,1)
(8246739,1)
(9811000,1)
(5483850,2)
(9924069,2)
(632996,14)
(8419313,1)
(11080977,2)
(9598279,1)
(2647770,2)
(2987403,22)
(10102126,1)
(7215121,1)
(9002909,1)
(1540287,1)
(7153265,1)
(5771030,3)
(5474841,6)
(10710473,1)
(9751674,2)
(9416207,1)
(479898,1)
(5903899,1)
(3120368,1)
(46102,10)
(9136884,1)
(9421193,2)
(10979115,1)
(8410312,1)
(2527331,2)
(1965165,1)
(4211032,1)
(10290641,1)
(10009850,1)
(538748,11)
(10478472,1)
(8264180,1)
(10693725,1)
(7464620,11)
(10836852,1)
(11120305,1)
(3189011,2)
(2788053,2)
(6733640,32)
(10769370,2)
(10147028,1)
(603538,2)
(9881364,1)
(8363397,1)
(10941558,1)
(8565005,1)
(10507622,1)
(7230944,2)
(9609186,1)
(10112378,1)
(7050250,5)
(8729337,2)
(3379803,11)
(563407,10)
(7919814,1)
(902158,6)
(2811326,1)
(9106986,1)
(430783,1)
(6713246,1)
(1535175,20)
(10573773,2)
(1055880,1)
(11086593,1)
(7997188,1)
(8899933,1)
(5615042,3)
(10527477,1)
(5725743,6)
(4402715,4)
(8591042,1)
(9462990,1)
(11217614,1)
(11097285,1)
(8993370,1)
(793736,113)
(7814838,1)
(8841116,1)
(1366795,1)
(731130,1)
(8591457,2)
(11279706,1)
(10566843,1)
(4329285,1)
(10196880,1)
(198485,1)
(5041760,1)
(1662354,2)
(10650083,1)
(10316354,1)
(7357106,1)
(616598,26)
(752173,19)
(2951268,1)
(1424457,1)
(1184085,4)
(947690,1)
(11188365,1)
(7621021,2)
(1083762,3)
(9549192,1)
(746233,19)
(7257152,2)
(9100441,4)
(4416215,31)
(9365835,1)
(7390370,3)
(8861114,1)
(8785849,2)
(893762,3)
(7581819,2)
(11005754,1)
(5512992,4)
(8411555,7)
(10703183,1)
(7660794,1)
(8719176,1)
(4443404,7)
(4216136,3)
(5746236,1)
(6529359,1)
(4342839,1)
(10303286,1)
(9991452,2)
(383362,1)
(6908961,1)
(9648750,1)
(3184520,3)
(9301169,1)
(9823449,1)
(2869387,1)
(2357466,6)
(9898483,1)
(8353082,1)
(8758209,1)
(4780059,1)
(7568067,2)
(1366957,1)
(8952997,1)
(8298390,1)
(1230362,1)
(9731775,1)
(5535825,1)
(634327,5)
(9448220,2)
(10351724,1)
(8336315,2)
(11033221,1)
(3452090,1)
(4789519,1)
(3073794,1)
(10758499,2)
(9697774,1)
(10141745,1)
(7287528,3)
(177398,18)
(2612633,2)
(10451255,1)
(3556419,1)
(9380847,1)
(2721470,2)
(7955517,14)
(513547,14)
(9555951,2)
(11290082,1)
(11083271,1)
(9074838,2)
(9515991,1)
(9020864,1)
(7223951,1)
(1042479,28)
(4579521,1)
(7667562,1)
(4173585,6)
(1862268,3)
(1094517,1)
(123432,1)
(793060,1)
(3575526,2)
(7961394,6)
(9144092,3)
(6639997,1)
(5985989,2)
(2880384,3)
(625093,1)
(1504232,14)
(79061,1)
(10909752,1)
(2511851,18)
(3145352,3)
(662209,99)
(4639191,1)
(10744908,2)
(6028845,12)
(2536700,3)
(5591779,2)
(7113728,1)
(3064983,10)
(10450760,1)
(17131,4)
(1104984,2)
(4057502,1)
(6859263,3)
(1654533,1)
(1428002,6)
(1684332,2)
(4703667,2)
(4222986,1)
(9852618,1)
(4935660,1)
(9351560,3)
(10267665,2)
(11174018,1)
(7478571,1)
(8951105,1)
(5968546,1)
(3255305,1)
(6727502,3)
(8892093,1)
(4811739,2)
(9011891,1)
(552102,38)
(4680564,1)
(7130107,1)
(10816106,1)
(9535557,2)
(7420268,2)
(11264856,1)
(8653665,3)
(4710308,1)
(10039569,1)
(1559188,1)
(2688225,1)
(968282,1)
(9327891,1)
(9590213,1)
(9648868,1)
(11174667,1)
(10062545,1)
(9076700,1)
(1747167,1)
(8823387,1)
(547045,13)
(563957,2)
(10134491,1)
(11165306,2)
(755594,14)
(10014863,1)
(1696762,3)
(10190318,1)
(6024533,1)
(9224705,2)
(9159915,1)
(10132178,1)
(7064822,6)
(4452567,1)
(5744157,1)
(4711983,1)
(3246909,6)
(10344074,1)
(10493330,1)
(6794382,1)
(10938264,1)
(10789981,1)
(3052968,12)
(11073137,1)
(6635289,3)
(11105249,1)
(10471569,2)
(10158413,1)
(10875066,1)
(4719804,1)
(9993171,1)
(595475,9)
(8343083,1)
(11314634,1)
(264878,15)
(5841122,2)
(10006899,1)
(10965093,1)
(722077,6)
(6901283,2)
(3348915,4)
(7411790,5)
(6806045,2)
(2895270,3)
(8943438,5)
(9440679,1)
(11000966,1)
(9554466,1)
(4380918,1)
(6505445,1)
(10902830,1)
(11164415,1)
(9830577,1)
(9378958,1)
(11097249,1)
(10674690,1)
(8304022,1)
(1363987,1)
(11293665,1)
(1517157,11)
(9121547,1)
(4891074,2)
(11093748,1)
(11115905,1)
(8451452,1)
(9029928,4)
(8797666,1)
(9200486,1)
(10827131,1)
(6962880,1)
(9646888,2)
(8997646,3)
(10693860,1)
(4578685,1)
(9663014,1)
(10411493,1)
(10341464,2)
(7045355,1)
(640663,7)
(9423687,7)
(10112026,2)
(9663762,9)
(37085,1)
(10732000,1)
(733679,123)
(1327176,1)
(2209046,1)
(9488136,1)
(3328854,11)
(9025391,2)
(5660664,7)
(8762664,1)
(10056605,1)
(5408132,1)
(4678279,2)
(1122317,80)
(2659290,1)
(11284458,2)
(10528962,1)
(10756860,1)
(9324173,1)
(9559713,1)
(3339807,1)
(10396310,2)
(11171705,1)
(6583575,1)
(1337634,18)
(1184805,8)
(5562258,1)
(10266477,1)
(9273468,5)
(375695,2)
(1145178,2)
(1185688,20)
(1656612,5)
(1653804,2)
(7068521,2)
(11259032,1)
(1361916,1)
(8904116,1)
(8990111,1)
(4415225,21)
(907919,7)
(1488565,3)
(2314896,8)
(10456304,1)
(1082439,2)
(8398858,1)
(11103629,1)
(9820875,1)
(2427756,1)
(11128451,1)
(1671165,4)
(10954879,1)
(9516170,2)
(9926247,4)
(6521546,2)
(9168168,2)
(5002240,1)
(4975972,6)
(4474897,3)
(10735520,1)
(11306651,1)
(10861962,1)
(8372252,1)
(9312455,1)
(1849434,1)
(8675508,1)
(3447717,1)
(3106508,1)
(1687591,6)
(10103611,2)
(11028362,1)
(1582920,18)
(7416696,1)
(9750846,1)
(9201575,1)
(10877802,1)
(9336215,1)
(4223976,26)
(11316614,1)
(9046280,2)
(2713910,13)
(10291433,1)
(263077,274)
(4807158,1)
(2330681,1)
(7037273,1)
(1436832,2)
(10202314,1)
(565063,6)
(3552495,1)
(2705333,1)
(11315228,1)
(2696794,1)
(3114167,95)
(3161200,4)
(10821713,1)
(9425216,4)
(1308663,1)
(9143363,2)
(5715681,1)
(9188427,1)
(1073367,97)
(8591006,1)
(2629392,14)
(6871313,1)
(5577180,19)
(4335170,1)
(1226592,37)
(2368617,2)
(10753494,2)
(4998247,1)
(2305139,2)
(1958587,1)
(2170229,1)
(10957489,1)
(4500563,22)
(8346251,1)
(8971419,1)
(7166135,1)
(1883391,1)
(10507226,1)
(2785894,7)
(9112420,1)
(10235787,1)
(8597631,2)
(10445414,1)
(908170,6)
(2139963,1)
(10080428,1)
(11049963,1)
(6694059,13)
(9946597,1)
(10052681,1)
(8758993,1)
(1747879,3)
(3120016,8)
(8663051,1)
(9260642,2)
(2636880,14)
(6635847,3)
(10274900,1)
(9511841,1)
(55823,111)
(4440236,1)
(5577658,2)
(10965453,1)
(4572159,1)
(11223554,1)
(11273054,1)
(2535017,2)
(10259646,4)
(2136696,6)
(9639796,1)
(4402616,5)
(10437387,1)
(10148351,1)
(10732514,1)
(9639903,5)
(1332035,41)
(5729857,2)
(8885226,2)
(4855533,1)
(5908731,1)
(427750,12)
(2002243,1)
(10186809,1)
(2516540,1)
(2496228,9)
(10335975,2)
(1149831,35)
(4458309,1)
(9213914,3)
(1750802,4)
(10489920,1)
(2170922,1)
(10421492,1)
(9417189,1)
(6862656,2)
(524987,41)
(10527026,1)
(2887251,14)
(9939153,1)
(10490063,1)
(256543,2)
(9895260,1)
(1087939,1)
(5438706,1)
(10299642,1)
(9462602,1)
(10457745,1)
(6302396,1)
(8786622,1)
(134638,125)
(10021405,2)
(6759985,5)
(4843815,1)
(10479822,1)
(2712821,2)
(9977647,1)
(10077747,1)
(6581342,2)
(10032386,1)
(5318501,1)
(5982153,3)
(10217769,1)
(9866000,1)
(6939101,2)
(7073534,1)
(10509693,1)
(10270148,1)
(1767327,31)
(4396489,3)
(8946642,3)
(4535727,1)
(5506700,1)
(8346666,2)
(1415448,3)
(2400575,1)
(10279806,1)
(7436306,9)
(2848344,25281)
(1712264,1)
(3885531,1)
(11077683,1)
(9571953,5)
(8401196,3)
(3674166,6)
(10220846,1)
(1099495,1)
(10923062,1)
(1202804,4)
(2134166,10)
(10198329,1)
(1344366,1)
(9056496,1)
(3506342,1)
(1538596,8)
(10298193,1)
(7451615,1)
(10994226,3)
(491588,2)
(1151937,2)
(4181216,3)
(11165504,1)
(8934050,62)
(10176431,2)
(7616838,1)
(2830686,1)
(9600248,1)
(9636735,2)
(9694768,1)
(10192848,1)
(4937893,1)
(9225948,1)
(1060307,15)
(10232311,1)
(79278,1)
(3992910,10)
(989784,60)
(7495527,1)
(9096492,23)
(366983,1)
(2607378,26)
(8957389,1)
(9731225,1)
(5816067,1)
(10375025,1)
(9927174,1)
(3088842,3)
(59162,21)
(1203074,1)
(9280857,2)
(10402899,1)
(9685605,1)
(8304888,1)
(9357357,1)
(10764780,1)
(10371461,1)
(11265585,1)
(3559461,1)
(5479530,59)
(10609034,1)
(626957,9)
(10037435,1)
(2529410,4)
(7138451,1)
(10359735,1)
(525166,1)
(10539500,1)
(11086502,1)
(10654142,1)
(1535139,2)
(5352936,1)
(72257,50)
(8552982,2)
(3047207,2)
(3526700,1)
(9653826,1)
(1228734,1)
(9324137,1)
(9320870,2)
(1738419,2)
(1226105,1)
(10154769,1)
(10330376,1)
(10813983,1)
(1454490,16)
(9933320,1)
(1200824,4)
(7123051,2)
(443392,344)
(1568791,22)
(1960223,18)
(1987341,3)
(9531803,2)
(9114518,1)
(10071617,1)
(9629283,3)
(8962545,1)
(10837842,2)
(3022006,2)
(9045353,4)
(9838786,1)
(9796125,1)
(9322616,1)
(4571051,1)
(9042608,1)
(1491147,16)
(1936590,27)
(11275746,1)
(9201179,1)
(9306966,1)
(9209135,1)
(3273774,1)
(9602129,1)
(4791598,1)
(9537933,1)
(10097349,1)
(4890903,1)
(9866866,1)
(5341587,2)
(1206305,2)
(77658,35)
(11083848,1)
(5789815,1)
(11051159,1)
(8975118,2)
(6908213,1)
(4903485,3)
(9965929,1)
(9890021,1)
(9637013,1)
(9125796,1)
(8835429,1)
(9416856,2)
(1103796,1)
(10554468,1)
(1590048,1)
(7110046,1)
(9630407,1)
(9946795,1)
(7597588,3)
(11307894,1)
(10450427,1)
(6627251,2)
(9989824,1)
(2328008,1)
(8790645,54)
(10172020,3)
(9952149,1)
(8836293,1)
(1479817,2)
(10318884,1)
(4864597,2)
(1281410,3)
(5673886,1)
(11200388,2)
(45068,537)
(930986,10)
(6722552,2)
(6252068,2)
(4821062,1)
(7412087,1)
(10774383,1)
(5732970,2)
(9571205,1)
(4942969,1)
(3114266,13)
(8705379,2)
(8015753,2)
(4473816,4)
(2391684,7)
(151729,18)
(1939777,3)
(236608,8)
(4063046,5)
(2094233,1)
(4246070,1)
(580075,1)
(6669796,1)
(8810525,1)
(3523631,1)
(412017,104)
(6513824,2)
(3577894,54)
(460997,5)
(6598461,5)
(5044983,2)
(991420,6)
(1235565,9)
(10596507,1)
(4245602,13)
(3108821,1)
(9196941,1)
(2102747,1)
(3382223,3)
(5610966,1)
(4959376,1)
(9372413,3)
(4806627,1)
(11018723,1)
(2780097,4)
(2304383,1)
(10363109,1)
(3384096,6)
(9619482,1)
(4165016,1)
(4954335,92)
(9635547,1)
(6564413,2)
(3049179,33)
(9296571,1)
(10284693,1)
(10398345,1)
(8966703,1)
(10825962,1)
(4152957,1)
(5898751,1)
(10416209,1)
(9743916,1)
(4026218,9)
(4079832,8)
(4896420,2)
(9050113,2)
(11183379,1)
(5662707,4)
(927601,5)
(3777676,3)
(10777867,1)
(6698352,3)
(9085016,1)
(11262678,2)
(8804739,1)
(8256972,2)
(10622264,1)
(10171030,1)
(120624,37)
(6361661,4)
(10677264,1)
(9053688,2)
(5899543,1)
(1381914,2)
(10812182,1)
(4585128,1)
(6432680,2)
(8459364,2)
(4246089,1)
(5408646,18)
(1477873,1)
(428281,1)
(8402645,1)
(1343024,1)
(2602634,3)
(6575718,9)
(9669496,2)
(3522740,1)
(1375812,1)
(8992902,1)
(5063900,1)
(10542038,1)
(10466501,1)
(10617927,1)
(4329708,1)
(6626261,1)
(9468534,1)
(4473555,1)
(1129239,1)
(10630607,2)
(10371326,1)
(9099679,2)
(9750035,1)
(7818221,1)
(6506534,1)
(9846552,1)
(9337719,1)
(9905790,3)
(2796135,1)
(7122575,1)
(6791024,1)
(9924979,2)
(9165305,5)
(9289704,1)
(2322266,1)
(9994378,1)
(748367,8)
(9710471,1)
(405079,4)
(927359,5)
(6936249,7)
(3199362,1)
(11185197,1)
(9447799,4)
(9645681,1)
(3418548,31)
(10384908,2)
(5227638,2)
(6780549,2)
(10697875,1)
(9086240,1)
(2005628,4)
(8036598,1)
(10149080,1)
(3048387,6)
(2991822,1)
(11215021,1)
(1092221,2)
(10081256,1)
(9517971,2)
(9342768,1)
(9297877,1)
(3310943,11)
(6587931,1)
(3273026,3)
(7141781,5)
(4158177,1)
(8878684,2)
(10684752,1)
(5254863,1)
(5172756,1)
(3057305,1)
(1494315,2)
(2032718,10)
(11013124,1)
