(10201622,6)
(1315594,4)
(10631373,2)
(11213655,1)
(5566200,3)
(10667527,2)
(3525766,1)
(695150,15)
(9635999,2)
(1764952,8)
(9124590,1)
(9320420,4)
(11214384,1)
(652797,34)
(2457718,1)
(9204285,1)
(11020190,2)
(9273252,2)
(1445743,1)
(8826853,10)
(4250157,2)
(10360671,1)
(1512315,44)
(7225635,1)
(10170618,1)
(10599217,1)
(8995810,3)
(8000093,2)
(11279996,1)
(6763198,2)
(7274181,1)
(10401657,1)
(10817980,1)
(125215,6)
(4793065,5)
(2972257,2)
(8626620,1)
(8042998,9)
(9695858,1)
(9777019,1)
(4555979,1)
(2836465,1)
(7417830,1)
(11270995,1)
(9593770,1)
(10436244,1)
(1693892,6)
(8274306,1)
(10837249,1)
(9213159,1)
(933704,3)
(9875821,3)
(10330160,1)
(10300028,1)
(9312302,1)
(2639554,1)
(10890637,1)
(2706162,1)
(10503465,1)
(10170717,1)
(2678065,11)
(2931568,1)
(3521968,2)
(3936058,1)
(10918311,1)
(8816007,2)
(10428838,2)
(10576087,1)
(11140502,1)
(9623811,1)
(5374519,2)
(10991716,1)
(1553095,122)
(1714344,5)
(7369177,1)
(738468,1)
(447812,10)
(1930029,6)
(1036837,2)
(2358790,18)
(5887565,10)
(4197841,16)
(1174249,17)
(10169791,1)
(5380657,1)
(4105914,5)
(630566,4)
(39624,9)
(687898,5)
(3562503,1)
(7372218,4)
(8382513,1)
(6890575,6)
(9742314,1)
(10256622,4)
(11092308,1)
(2898403,1)
(6939616,6)
(3929623,1)
(5295391,1)
(10755079,1)
(865331,95)
(5962912,13)
(9862555,1)
(8393601,1)
(9839975,1)
(9177538,3)
(4787738,22)
(545525,4)
(7520204,5)
(10850127,1)
(9449310,1)
(4666246,1)
(6930291,1)
(9823233,2)
(1746538,2)
(65427,33)
(8989213,1)
(395991,11)
(9061392,5)
(4457194,1)
(8003478,1)
(249768,27)
(3522705,2)
(9633450,1)
(1771134,1)
(2312664,56)
(9832891,1)
(2147884,2)
(4816979,1)
(6818124,2)
(1508149,2)
(9669901,3)
(6796426,1)
(11147262,1)
(179621,1)
(406051,5)
(9830361,1)
(9953121,1)
(4626484,6)
(2172345,1)
(11143923,1)
(1668331,1)
(645768,1)
(8738509,1)
(1386640,7)
(697130,1)
(9626674,1)
(4803801,1)
(7573260,1)
(10001642,1)
(10427,487)
(9938065,2)
(4079077,1)
(2981211,2)
(8812506,7)
(10135185,2)
(9261273,1)
(8335821,1)
(10704886,1)
(9463431,1)
(3111503,8)
(9321050,6)
(5987690,1)
(3479272,10)
(5351749,1)
(8336767,1)
(4629968,5)
(10960251,1)
(133982,64)
(5632332,23)
(3464232,1)
(9955219,1)
(10734531,1)
(3069277,1)
(10496653,1)
(3400575,6)
(584748,7)
(9232068,1)
(2965778,4)
(7472695,4)
(4798727,6)
(11099329,1)
(947916,479)
(9388958,1)
(4501590,1)
(9843583,2)
(6758798,9)
(723013,9)
(99538,1)
(8838274,1)
(8842107,1)
(3245992,2)
(3490071,1)
(5407602,1)
(8537935,2)
(10101173,1)
(10634956,1)
(10878370,2)
(769059,2981)
(2967857,5)
(7320675,1)
(8622228,1)
(4506298,2)
(2332761,96)
(9329575,1)
(10870224,1)
(8961493,1)
(8575041,3)
(10396014,1)
(3340248,1)
(5027442,1)
(10317048,2)
(6561084,14)
(1154232,3)
(2005764,47)
(3494130,5)
(9876767,1)
(5724600,8)
(4394554,1)
(2508261,1)
(6800312,6)
(2034339,18)
(18122,3)
(9468689,1)
(10442607,1)
(3383151,4)
(10148514,1)
(10853881,1)
(3277078,1)
(9064560,6)
(6751579,10)
(482778,1)
(992529,2)
(4893514,11)
(3372874,6)
(9975550,1)
(7571992,1)
(9789386,2)
(10934728,1)
(9867505,1)
(4460686,1)
(2916141,21)
(6582036,1)
(7330836,1)
(9131132,1)
(10420610,2)
(7241178,3)
(2193072,38)
(9746923,1)
(1952854,1)
(9358997,1)
(3222078,1)
(7545900,2)
(2063382,1)
(8845410,1)
(8969864,4)
(4689665,5)
(8748481,1)
(3904738,9)
(1449299,1)
(3329647,1)
(3163371,2)
(9578029,2)
(3099832,1)
(2638627,3)
(1450495,1)
(2272272,1)
(5040177,1)
(1735170,2)
(47184,2)
(2392972,1)
(5181351,3)
(402352,2)
(9506983,11)
(2506704,1)
(3157549,1)
(11194963,1)
(7268719,2)
(9258196,1)
(2481162,7)
(10059964,2)
(4997195,1)
(9214897,1)
(7575457,4)
(1829338,2)
(5013799,1)
(3559363,1)
(6697363,1)
(408545,2)
(9669695,1)
(4286031,1)
(9451416,1)
(8776165,109)
(9064164,2)
(1898404,1)
(6727107,7)
(1455959,14)
(10280959,1)
(8567770,1)
(3917086,2)
(9836518,1)
(3602021,1)
(9251931,1)
(7377501,1)
(9186709,1)
(5732737,3)
(1743928,1)
(9078835,1)
(3378869,2)
(1205352,1)
(8868172,23)
(9970050,1)
(9931602,1)
(3919426,20)
(5766370,2)
(11009094,1)
(780001,24)
(10310739,1)
(10400351,1)
(10588363,1)
(9759037,1)
(2889188,4)
(4682031,1)
(10545397,3)
(10462795,1)
(2306111,1)
(10742811,1)
(3503021,1)
(10045202,3)
(1181160,7)
(8837347,2)
(3329548,4)
(4441678,63)
(4473394,2)
(10811157,1)
(8337199,1)
(89278,18)
(9003279,3)
(9025059,1)
(5097058,1)
(2041467,1)
(9974029,1)
(10472307,1)
(4527349,1)
(10031342,2)
(4113320,1)
(9282739,1)
(3693634,2)
(10931758,1)
(9105285,2)
(3265044,2)
(553580,7)
(2144724,60)
(4950060,7)
(5892839,3)
(2278212,2)
(2506281,1)
(3086566,1)
(1598816,6)
(6037107,1)
(11198013,1)
(566450,8)
(11155902,1)
(1280935,10)
(9568921,1)
(3265855,1)
(10950928,1)
(4405227,1)
(10853034,1)
(977968,1)
(2005926,3)
(10636837,2)
(5963894,1)
(2763411,3)
(10263354,1)
(11284918,1)
(8646475,1)
(8921640,1)
(2206239,1)
(2250195,5)
(291590,1)
(1597051,1)
(8265289,1)
(3478958,1)
(1203039,1)
(4758190,1)
(5963902,1)
(9402384,4)
(275813,1)
(9308235,1)
(9984028,1)
(6916431,4)
(2609403,1)
(7387591,1)
(2942953,1)
(5845471,1)
(10827808,1)
(2645494,12)
(9349933,3)
(7071816,4)
(7122738,15)
(9273829,1)
(6553227,2)
(2667986,2)
(8686174,1)
(4306560,1)
(180421,1)
(8753755,1)
(1462221,1)
(2745033,1)
(2342779,1)
(10674592,1)
(669366,1)
(3169410,5)
(102904,10)
(10178412,1)
(10637728,1)
(5379893,9)
(8606523,1)
(1954834,4)
(1281268,2)
(5953543,1)
(1276912,3)
(7942332,2)
(4922197,1)
(1426474,3)
(9340239,1)
(2629294,34)
(1807800,1)
(4584076,3)
(86217,4)
(11066046,1)
(1684784,1)
(5983559,1)
(6836854,2)
(10486357,1)
(11003360,1)
(10746312,1)
(10813137,1)
(1613034,1)
(9017274,1)
(8264659,1)
(3433696,8)
(4493392,2)
(8292063,3)
(5782435,1)
(10857643,1)
(8949118,2)
(10778957,1)
(1018756,14)
(9520103,2)
(141712,2)
(9147360,2)
(4672807,421)
(9325461,1)
(6909259,6)
(9815016,1)
(1310193,12)
(1404009,2)
(9691906,1)
(10241178,1)
(917658,13)
(9511644,3)
(10354074,1)
(10628142,1)
(7535703,1)
(9298868,1)
(7139082,1)
(10964112,1)
(11089014,2)
(11287564,1)
(232946,81)
(7369771,2)
(9339475,1)
(4447401,27)
(1189135,2)
(5330607,1)
(5950320,2)
(10894020,1)
(93741,1)
(9559453,3)
(5595875,4)
(7824162,1)
(11229333,1)
(283788,1)
(1408492,2)
(9673960,1)
(10239685,1)
(10248757,1)
(7389238,1)
(10858732,1)
(4541217,1)
(5780851,1)
(1463365,1)
(10831001,2)
(2433796,2)
(10180004,1)
(4948847,1)
(9368644,2)
(7373046,1)
(5923582,1)
(8322140,2)
(1019809,1)
(4803009,1)
(1283644,3)
(7138092,1)
(522953,5)
(7676022,1)
(2136903,8)
(8263911,1)
(3340707,1)
(10315860,1)
(9437782,1)
(3345982,6)
(10450329,1)
(10326769,2)
(3010938,1)
(4946092,1)
(10728330,1)
(8346810,1)
(9258204,1)
(10968127,1)
(9270642,3)
(9565519,6)
(2561514,4)
(9909751,1)
(5363566,2)
(9072895,1)
(10525605,1)
(11101730,1)
(611044,12)
(652742,25)
(9169203,5)
(3506956,9)
(6879262,2)
(10525182,2)
(9151446,1)
(6599218,6)
(397737,1)
(1756177,1)
(591579,41)
(10060863,1)
(1838608,2)
(5335332,4)
(4026057,4)
(3046551,2)
(9112872,16)
(6536370,1)
(10990069,1)
(11262921,1)
(1878901,17)
(1489042,36)
(9180769,9)
(4009461,1)
(10740138,1)
(10559040,1)
(10170690,1)
(10294404,1)
(547497,10)
(10925656,1)
(7172832,1)
(3088483,2)
(6535795,300)
(3709645,1)
(849483,1)
(1533916,6)
(10187278,1)
(11082444,1)
(1540431,12)
(10099212,1)
(9711066,1)
(6609135,2)
(6930390,1)
(1122967,2)
(8905080,1)
(10477285,1)
(2618115,1)
(10277566,1)
(3634314,8)
(7199969,8)
(9057748,1)
(4190226,58)
(10424067,1)
(6801915,2)
(11130954,1)
(1087976,2)
(1370728,12)
(11223393,1)
(9470776,1)
(7602825,1)
(10915495,1)
(1447129,18)
(9549490,1)
(11268295,1)
(1045071,2)
(9032330,1)
(1488511,66)
(2177683,4)
(1813146,1)
(6534912,40)
(9765120,1)
(11018427,1)
(3426928,1)
(9695704,1)
(1571338,17)
(6835666,1)
(11187123,1)
(3121854,11)
(8422086,1)
(56300,532)
(9178762,1)
(9877892,1)
(8749534,1)
(9606324,1)
(5322129,4)
(9224599,1)
(10113864,1)
(10523526,1)
(2993146,2)
(5222373,1)
(1213830,18)
(456821,7)
(1373987,1)
(9075865,1)
(9913323,2)
(8894137,4)
(1753729,15)
(1504530,180)
(4821261,13)
(3231609,2)
(10460067,1)
(10976993,3)
(1640836,26)
(2145453,1)
(8462145,1)
(7674196,3)
(10435191,2)
(9780844,2)
(9891067,2)
(5864182,1)
(9364332,2)
(112507,3)
(9964822,1)
(7807549,2)
(9287112,1)
(8897404,15)
(9742963,1)
(9042032,1)
(2698937,1)
(4224354,1)
(8811651,1)
(9729571,1)
(1388576,1)
(1532926,2)
(9838589,1)
(9586741,1)
(2961628,1)
(4076115,1)
(5033030,1)
(10689398,1)
(4143570,3)
(4475220,8)
(1056123,13)
(1970124,1)
(3907799,1)
(7499722,3)
(8963022,3)
(10012686,3)
(10837384,1)
(8447188,1)
(10943575,1)
(596961,1)
(10186648,1)
(133072,9)
(7125708,2)
(2631381,8)
(10798892,1)
(8622264,1)
(2903631,2)
(6669184,1)
(302029,3)
(2140566,1)
(5824942,2)
(10173525,1)
(9090778,1)
(1804533,2)
(9510401,1)
(4506702,4)
(704753,1)
(867465,1)
(3297571,1)
(76966,1)
(9764149,1)
(4323101,7)
(10119958,1)
(11071554,1)
(10183227,1)
(10675898,1)
(11282938,1)
(894816,6)
(10205123,1)
(3589423,1)
(2614254,1)
(11092894,1)
(9086197,8)
(9586705,1)
(2187330,3)
(9819364,1)
(1773961,1)
(3083145,1)
(4895387,3)
(2990275,3)
(9523326,5)
(9717105,3)
(7224032,1)
(656919,1)
(10392469,1)
(6729736,1)
(667485,13)
(834380,36)
(9071751,1)
(1517653,1)
(9711363,1)
(9588226,1)
(2638267,29)
(3183171,1)
(9867794,1)
(9284593,1)
(5984684,1)
(11127877,1)
(9311150,1)
(10426902,2)
(10934629,1)
(8475664,1)
(10884021,1)
(2384494,5)
(2607522,1)
(10449015,1)
(5829433,1)
(8812740,2)
(1462177,1)
(11134554,1)
(6601223,3)
(4690960,3)
(9635683,1)
(7032170,1)
(8975650,1)
(5041266,111)
(10744288,1)
(7050927,5)
(2686796,1)
(1462339,2)
(10260780,1)
(3511518,10)
(10450013,1)
(6575818,9)
(9533776,1)
(1888199,7)
(10050215,1)
(8268358,14)
(7458079,1)
(10306752,1)
(74120,1)
(2712462,1)
(1091548,1)
(2465539,3)
(10430763,1)
(10014350,1)
(9973138,1)
(7535695,1)
(4572295,1)
(6634344,1)
(9574113,2)
(404134,9)
(11152770,1)
(8944924,4)
(1555688,1)
(2477257,6)
(10803930,1)
(8699107,1)
(2123538,2)
(8633550,2)
(193896,1)
(2857769,1)
(10174812,1)
(2665258,1)
(5832114,1)
(9275287,2)
(8306003,1)
(1352782,19)
(3224913,6)
(10945492,1)
(594134,1)
(10378230,1)
(2302863,1)
(5965621,3)
(8919616,42)
(3360246,1)
(10382019,1)
(657882,3)
(9571954,1)
(10834675,1)
(1542367,1)
(8981059,2)
(2172840,1)
(5533035,1)
(404945,4)
(3483105,1)
(120625,26)
(3402401,4)
(10653766,1)
(4709699,4)
(1296091,1)
(3499333,1)
(3301836,1)
(6565495,18)
(6693510,1)
(10612167,1)
(10912470,1)
(40875,1)
(1755808,1)
(4009326,3)
(5768765,20)
(438858,1)
(4628662,1)
(8971753,1)
(9361678,6)
(3515866,1)
(6602268,1)
(1156627,8)
(2434632,2)
(3543289,2)
(9319062,1)
(2132808,1)
(9807385,1)
(735605,4)
(10787290,1)
(2407957,2)
(10887497,1)
(3383412,2)
(2320070,4)
(3493591,1)
(4119766,8)
(600613,1)
(9403473,1)
(6719160,1)
(11150303,1)
(9529456,1)
(2050539,1)
(3240618,5)
(3535350,1)
(1508581,21)
(3490189,1)
(10424364,1)
(6754233,3)
(6892852,3)
(10022234,2)
(10836691,3)
(3000579,1)
(10954861,1)
(9869477,1)
(9483033,1)
(11085216,1)
(10632426,1)
(1613809,3)
(7367890,1)
(850599,2)
(64121,120)
(6782016,2)
(9016996,3)
(9353505,1)
(8446459,1)
(9552432,3)
(4186852,7)
(10657311,1)
(1684883,1)
(527796,18)
(1891474,2)
(2314446,4)
(8348980,1)
(6616065,1)
(1827259,10)
(3666607,2)
(2311737,3)
(1423116,1)
(1368028,4)
(10019490,1)
(2532994,7)
(10417371,1)
(11234148,1)
(2885533,10)
(6622310,1)
(8977072,1)
(11063931,1)
(953793,2)
(10450464,1)
(1181520,43)
(2596651,8)
(56193,82)
(2892364,1)
(6533166,1)
(10905207,1)
(4106409,52)
(49227,11)
(167958,7)
(4255044,281)
(2141259,5)
(4182144,1)
(11249485,1)
(4515216,12)
(1380367,65)
(1199747,188)
(6853431,5)
(10896929,1)
(9755572,1)
(611008,9)
(4208000,3)
(792846,1)
(10792267,1)
(1310517,1)
(11156730,1)
(3911550,7)
(4503633,4)
(6525697,2)
(264211,51)
(3613821,22)
(11261175,1)
(1853692,3)
(9262524,2)
(2210702,3)
(1161126,2)
(10532887,2)
(11166388,1)
(8952943,1)
(2990833,2)
(44439,1)
(1643680,3)
(9091614,6)
(14423,163)
(9522534,1)
(9442083,1)
(3102233,1)
(2054670,8)
(10294297,1)
(9004115,3)
(11285782,1)
(9255036,1)
(9323904,1)
(62097,3)
(3280155,4)
(7893409,3)
(5946415,6)
(320740,1)
(10560200,1)
(6933360,3)
(8293828,1)
(9017689,1)
(9271434,4)
(2460831,2)
(727622,4)
(8798693,1)
(10653964,1)
(186353,1)
(8774031,62)
(8564610,2)
(9142572,1)
(6865267,1)
(14838,10)
(9876154,2)
(21650,3)
(9677821,1)
(4530363,6)
(861038,7)
(4506900,2)
(1654949,1)
(1930263,30)
(5563447,1)
(9159141,1)
(3319071,2)
(187145,1)
(2842512,63)
(732176,6)
(10897595,2)
(1392995,7)
(5358814,68)
(7473432,1)
(152044,26)
(7757617,1)
(931166,3)
(7066704,1)
(10757590,1)
(9114915,1)
(10016583,1)
(535526,2)
(999432,6)
(2279590,5)
(9364035,2)
(9388741,1)
(4382278,9)
