(9320109,1)
(10099685,1)
(1805996,1)
(10634563,1)
(11063953,1)
(617493,169)
(1768178,5)
(7061578,4)
(432272,3)
(789178,50)
(1545755,1)
(8324359,1)
(10378964,1)
(3532366,1)
(670548,10)
(8970433,4)
(10500822,1)
(1429411,2)
(2378837,1)
(1588479,12)
(1782244,1)
(6691552,1)
(2069740,3)
(7136340,1)
(1629897,1)
(10434899,1)
(10452169,1)
(8894500,2)
(7410633,5)
(5800717,1)
(3280870,1)
(3103443,1)
(7220715,2)
(4474450,4)
(7277074,2)
(10197857,2)
(9807569,1)
(10923706,1)
(4231215,10)
(8804482,2)
(10101294,2)
(10133433,1)
(1684869,2)
(4797281,1)
(280136,1)
(3986174,5)
(11117746,1)
(6563031,1)
(9565739,1)
(9034882,12)
(11126043,1)
(1452244,17)
(2468765,7)
(9625552,1)
(10027404,2)
(4858364,3)
(4184498,2)
(9326671,1)
(11249669,1)
(8796545,1)
(2138806,1)
(2503800,1)
(1703575,1)
(1741717,2)
(10443556,1)
(1977923,2)
(9705706,1)
(3984815,1)
(9118375,1)
(4836089,2)
(134705,10)
(1005790,1)
(10928486,1)
(10423008,1)
(2201157,1)
(8793061,4)
(6791993,2)
(7330083,1)
(10937396,1)
(87526,1)
(279589,1)
(7819270,1)
(11090647,1)
(6902106,1)
(9806777,2)
(9082429,1)
(7468081,1)
(6616807,9)
(1875719,1)
(11126656,1)
(10294363,1)
(11053594,2)
(18991,200)
(10263475,1)
(7896671,1)
(8849131,3)
(486381,1)
(10267589,1)
(946849,27)
(1578065,2)
(2968300,1)
(8823814,1)
(10986824,1)
(8701585,1)
(6600912,8)
(2821843,3)
(193827,6)
(9907900,14)
(263595,1)
(1063138,1)
(1064939,1)
(2816687,1)
(6503631,1)
(4984003,1)
(9263770,1)
(9796283,1)
(8924731,1)
(1564466,6)
(1737389,51)
(7921410,1)
(10587917,1)
(6528120,2)
(2368027,2)
(9860380,1)
(2290573,3)
(8890793,4)
(540542,1)
(2414359,1)
(49384,289)
(3994616,35)
(245478,20)
(2596277,1)
(6299369,1)
(2910448,1)
(9967418,1)
(8594134,1)
(7058086,8)
(10826876,1)
(7435933,2)
(1671944,1)
(258087,7)
(6936253,1)
(9442311,1)
(9486737,1)
(5835205,1)
(1809956,8)
(5695175,1)
(4415248,8)
(1352911,1)
(2025946,1)
(10610316,1)
(2688086,3)
(9931778,4)
(9514276,4)
(4043665,16)
(6177016,2)
(10668872,1)
(4165138,1)
(1954144,6)
(9260016,6)
(7546651,1)
(1478174,1)
(10210653,1)
(5317732,1)
(3555172,1)
(7140822,1)
(2602693,2)
(3133341,4)
(10485749,1)
(9978308,2)
(9333312,1)
(4420792,2)
(10989038,1)
(6693686,10)
(1294556,1)
(4252203,1)
(616214,4)
(9708091,1)
(566535,1)
(3322783,7)
(4812436,3)
(9889307,1)
(2078155,1)
(10048681,2)
(7446562,1)
(103240,2)
(1330122,1)
(9668537,1)
(2814193,15)
(4237859,1)
(8720241,1)
(10480546,1)
(7541115,3)
(9404548,1)
(6612586,1)
(5960558,1)
(9134773,1)
(9903148,1)
(8846972,1)
(3680984,35)
(7432369,3)
(5796812,1)
(7294877,3)
(8877978,1)
(2888822,2)
(69184,1)
(4893888,1)
(4712905,1)
(10505412,1)
(10913581,2)
(9377323,1)
(1106888,1)
(1635070,1)
(11267632,1)
(4674232,1)
(8107909,1)
(10634167,2)
(605063,3)
(6867269,2)
(11224864,1)
(10147681,1)
(1890019,32)
(10923940,1)
(7562950,1)
(11106658,1)
(9149560,2)
(9335248,1)
(9038130,1)
(2183419,28)
(5512366,4)
(9012002,12)
(2143143,4)
(2057329,1)
(805953,9)
(10775990,2)
(1718164,1)
(9319408,2)
(2067328,1)
(3103209,7)
(10456129,1)
(8559025,1)
(9415474,6)
(2142351,6)
(10584172,1)
(10023048,1)
(4178242,1)
(1595813,1)
(4327930,1)
(9553840,1)
(10587719,1)
(9454741,2)
(7426528,5)
(6884404,3)
(269832,144)
(10999271,1)
(1670044,14)
(1171642,46)
(9581227,1)
(7358515,1)
(10384057,1)
(11107945,1)
(6105024,1)
(3897489,1)
(8874791,12)
(1900585,1)
(9295018,1)
(2438551,2)
(10430749,1)
(4242204,1)
(7515925,2)
(3570085,2)
(5830453,1)
(11279314,1)
(1391378,9)
(10063404,1)
(9164635,1)
(3008692,15)
(1023222,5)
(3427165,1)
(7264465,1)
(2901079,1)
(11219518,1)
(8981639,1)
(9769715,1)
(4683098,11)
(532424,1)
(10300905,1)
(11292995,1)
(1353802,159)
(3004209,5)
(8836225,1)
(7229095,1)
(10445275,1)
(8803159,1)
(9460384,1)
(8841120,1)
(6874801,6)
(10428959,2)
(1555097,15)
(7617021,3)
(2899352,7)
(9191428,5)
(10781209,1)
(8627731,1)
(1515181,19)
(6922654,4)
(11065339,1)
(9427318,8)
(5782691,4)
(6870896,1)
(10749890,1)
(1846388,131)
(1186385,11)
(5473478,4)
(7110050,1)
(7383526,1)
(11066167,1)
(2437327,49)
(579603,18)
(4663496,1)
(9775754,2)
(8268776,1)
(8753524,1)
(3619027,23)
(8653471,3)
(10463716,1)
(5479652,49)
(5795822,1)
(7985375,2)
(2256751,7)
(10584488,1)
(9776087,1)
(6691291,2)
(9582767,1)
(6608464,5)
(9249929,1)
(9565973,1)
(4858562,3)
(11225700,1)
(1850617,32)
(7601640,1)
(11123686,1)
(9339659,1)
(6631602,18)
(93367,35)
(8594846,1)
(9133431,2)
(7480843,1)
(1416758,9)
(4466945,1)
(7783423,1)
(1663925,1)
(10682308,1)
(9698039,1)
(3316032,13)
(10730197,1)
(9952810,1)
(5605264,15)
(4418669,1)
(9998595,5)
(9698336,1)
(8818504,1)
(647454,2)
(4474810,2)
(3298484,1)
(2077778,2)
(2580409,3)
(1619087,1)
(4715812,1)
(9516616,2)
(2885294,3)
(1952821,2)
(9490345,5)
(6860185,1)
(729426,3)
(746850,6)
(10936450,1)
(11183284,1)
(8219095,1)
(11105415,1)
(9505267,1)
(10724040,1)
(9470446,1)
(5604634,1)
(1792180,1)
(3423367,1)
(2778734,4)
(2447362,1)
(3660887,2)
(3469394,12)
(671673,3)
(10503982,2)
(10546750,1)
(11001311,1)
(387606,32)
(1063020,247)
(9125511,4)
(10192717,1)
(8705608,2)
(4280220,1)
(1354531,1)
(1553774,3)
(11067517,1)
(10719857,1)
(4096649,3)
(10088759,1)
(4023414,1)
(10553130,3)
(11257138,1)
(1463233,4)
(186438,1)
(150699,126)
(961248,1)
(8247274,3)
(10328257,1)
(10616905,1)
(3579743,1)
(8032966,1)
(10435771,1)
(176439,1)
(8642996,1)
(9729601,1)
(1381225,3)
(10908631,1)
(9902590,1)
(9173545,1)
(2430757,8)
(2525770,1)
(9769058,1)
(9768662,1)
(10618228,1)
(10094905,1)
(7292798,2)
(11159425,1)
(4055996,2)
(481818,149)
(6539263,17)
(2418319,1)
(7510029,1)
(7094347,1)
(9699560,1)
(920603,1)
(10779914,1)
(7359857,2)
(9316375,1)
(7260414,5)
(6739298,2)
(9519064,1)
(10957655,1)
(1316100,2)
(4865159,1)
(9077119,1)
(7473814,4)
(10772687,1)
(10698789,1)
(2355094,12)
(10703467,1)
(11009476,1)
(2705095,15)
(4256867,1)
(2493028,4)
(10961128,1)
(2847421,1)
(3142666,1)
(1974241,7)
(9650879,1)
(3474712,8)
(11054584,1)
(2241612,1)
(2094391,6)
(4018753,4)
(1102378,9)
(1059467,1)
(5114584,1)
(10704204,1)
(9380356,1)
(1569650,20)
(1111189,163)
(1451867,7)
(9588897,2)
(2779562,3)
(10431775,1)
(9098198,6)
(10454644,1)
(6531090,15)
(9681190,2)
(1981586,1)
(11232333,1)
(429555,2)
(2133900,1)
(1351066,11)
(1508369,67)
(3907964,2)
(9131415,1)
(9412116,1)
(1065811,2)
(8308519,1)
(10416727,1)
(547112,13)
(566670,1)
(1315525,4)
(10053081,3)
(9066562,1)
(9067156,2)
(10213920,1)
(4583611,4)
(9110067,1)
(9656855,2)
(1090822,1)
(633044,2)
(6622332,1)
(11014236,1)
(2113443,1)
(10416268,1)
(1591619,40)
(9059434,2)
(828723,2)
(10548389,1)
(939991,8)
(4185686,4)
(10258561,1)
(933069,1)
(10107388,3)
(9942712,1)
(11308041,1)
(4195487,78)
(6642682,1)
(3123694,1)
(1860201,1)
(9739259,1)
(10449532,1)
(9648124,2)
(9500262,1)
(389064,2)
(1661530,3)
(2839817,1)
(530408,4)
(4024107,1)
(1825480,1)
(10314180,1)
(2507257,3)
(5786219,1)
(4728737,1)
(1851841,4)
(557760,31)
(4572479,1)
(4790422,5)
(4868660,5)
(5405086,1)
(8260864,1)
(10403307,1)
(2360827,2)
(10907506,1)
(10400788,1)
(6581761,2)
(1359789,5)
(9804706,1)
(7106046,1)
(7482779,1)
(1314634,19)
(2621214,4)
(10482067,1)
(3215962,1)
(9360457,1)
(2320290,1)
(9106107,1)
(10775800,1)
(2035486,7)
(1532830,14)
(593724,152)
(10038709,1)
(19530,12)
(8791081,1)
(7116306,3)
(7226845,1)
(10330209,1)
(10948132,1)
(1091551,10)
(11101851,1)
(5059199,1)
(9719198,1)
(8693684,1)
(7927306,1)
(9840508,3)
(2397944,1)
(1575004,2)
(1567076,5)
(10108936,2)
(2054953,1)
(4039859,22)
(9232585,1)
(10645417,1)
(2831699,1)
(1735219,1)
(1264504,1)
(2692928,2)
(11304559,1)
(10678637,2)
(10816426,1)
(2793331,2)
(6819334,3)
(9344716,4)
(8593081,1)
(1839241,6)
(1879003,1)
(1442605,4)
(10113787,1)
(858423,1)
(8813392,3)
(8543581,1)
(6561150,7)
(11109015,1)
(10000322,2)
(10367029,1)
(8776349,14)
(5947625,1)
(8820088,2)
(1765315,6)
(9582910,1)
(9110012,2)
(3277207,1)
(2824192,2)
(10973080,1)
(3479852,2)
(4453624,3)
(1238800,1)
(9567692,4)
(9259252,5)
(2322630,93)
(9324691,1)
(4386494,2)
(179148,1)
(6907084,4)
(10250712,1)
(9918980,1)
(8681713,1)
(7608067,1)
(7329607,1)
(10064647,1)
(10722222,1)
(2029285,1)
(1649598,1)
(1546709,1)
(10548848,1)
(10482760,1)
(2997722,10)
(10908136,1)
(9806326,1)
(7056150,2)
(9023596,1)
(4569996,1)
(5415346,1)
(1278392,5)
(7419535,4)
(11177047,1)
(6573742,3)
(8931111,62)
(8961028,1)
(11193283,1)
(8676458,1)
(7882739,1)
(9103489,1)
(1880290,14)
(9653236,1)
(8952929,3)
(98254,9)
(1938241,4)
(10324404,1)
(2317771,4)
(8628721,13)
(9542356,2)
(1948402,1)
(3408652,2)
(243740,1)
(10600119,4)
(3911888,2)
(119883,4)
(1540002,7)
(2120634,1)
(6801621,2)
(6805339,13)
(9616705,2)
(10733563,2)
(9833614,1)
(8887328,2)
(70344,48)
(3450394,1)
(8615356,1)
(4170330,1)
(2614438,1)
(8894104,4)
(9244861,1)
(484563,6)
(9340305,1)
(10128673,1)
(10168949,2)
(7664821,1)
(4133755,1)
(10591066,1)
(6718255,1)
(7601280,1)
(1821880,15)
(2399069,1)
(11156103,1)
(7124064,4)
(152426,693)
(7271395,1)
(6459848,2)
(1046399,2)
(6775045,2)
(8707525,2)
(10220490,1)
(8294326,1)
(1496255,5)
(468877,1)
(9739204,1)
(10977950,1)
(99244,6)
(10348057,1)
(952022,1)
(1302204,6)
(9857528,1)
(3361816,1)
(6543808,4)
(5778588,1)
(645573,90)
(4191373,16)
(5726143,2)
(4789677,1)
(5240674,21)
(9110878,3)
(5362246,1)
(5736656,11)
(8276894,10)
(7279054,1)
(88192,1)
(2527200,1)
(8298773,2)
(6372989,1)
(4147868,2)
(217497,19)
(8337166,1)
(8714950,1)
(9204018,1)
(3560130,2)
(8294920,3)
(9856772,1)
(730677,3)
(556932,13)
(9091177,3)
(11000024,1)
(9617687,1)
(5992373,2)
(7120824,2)
(1525144,1)
(1188266,5)
(2300490,96)
(9925720,3)
(3459340,1)
(9905010,1)
(3337020,6)
(1646636,14)
(241229,29)
(4107196,4)
(2208060,44)
(947938,3)
(6795197,2)
(8643931,2)
(3353572,37)
(10422513,2)
(2640989,15)
(3368620,89)
(10906769,1)
(4390778,3)
(8617435,1)
(1054723,1)
(9023703,1)
(5804551,1)
(6704241,1)
(3092022,10)
(9077092,1)
(160841,48)
(1471018,2)
(11234412,1)
(7888418,1)
(9962666,7)
(3378737,1)
(10783126,1)
(9376784,1)
(9425734,1)
(7546318,3)
(4403250,1)
(8564335,1)
(1587434,6)
(1643710,4)
(11215756,1)
(10219654,1)
(4406671,1)
(3273445,2)
(11145213,1)
(8296342,1)
(4399724,1)
(1815346,5)
(5616000,9)
(8994086,7)
(3063510,1)
(1451551,1)
(3153006,3)
(11195920,1)
(9706174,1)
(9749519,1)
(3296963,1)
(1311268,5)
(9490903,2)
(6825120,1)
(10262070,1)
(10418086,1)
(6689924,4)
(671024,35)
(4816072,2)
(1467743,1)
(7787320,1)
(10566055,1)
(7813195,3)
(566571,1)
(2386757,14)
(4225113,5)
(7520820,2)
(5964950,2)
(10980686,1)
(11252782,1)
(4250773,1)
(1159196,1)
(8411677,2)
(8550574,1)
(960654,2)
(4043368,22)
(8905561,25)
(5471083,1)
(9478718,1)
(9874295,1)
(2443050,3)
(5072635,3)
(5893139,1)
(10691353,1)
(5008654,2)
(11276344,1)
(2602242,1)
(3206241,4)
(6596729,1)
(10769492,1)
(1786240,18)
(3615878,5)
(1986121,1)
(41337,21)
(9166390,1)
(9020472,1)
(79895,10)
(545745,11)
(9161863,2)
(6823591,3)
(7288360,2)
(7801,14)
(7295191,2)
(1011144,9)
(627816,16)
(9349144,1)
(1336414,2)
(5615461,1)
(6985574,1)
(1007473,6)
(9534274,1)
(11251594,1)
(4154608,51)
(9748150,2)
(4518181,1)
(1586796,2)
(8974547,1)
(10570636,1)
(428411,77)
(7353961,1)
(9389717,1)
(9648476,2)
(9868490,2)
(9673333,1)
(4278430,1)
(226929,16)
(4140432,2)
(8848718,5)
(9224313,2)
(3224971,15)
(7424034,1)
(3175930,1)
(4538341,1)
(9235258,1)
(3415582,2)
(1063336,42)
(9635056,1)
(3031236,1)
(3503890,36)
(3012976,7)
(8295514,2)
(11153584,1)
(10145827,1)
(1541498,1)
(7484542,2)
(9342123,1)
(6865234,2)
(10306062,1)
(2306845,16)
(4324979,3)
(7109827,12)
(9040074,1)
(9667187,1)
(3062278,61)
(4228831,1)
(1321212,4)
(7390816,1)
(10874242,1)
(10817056,1)
(3268946,1)
(10253935,1)
(4974419,1)
(6707662,1)
(1951273,5)
(10225819,1)
(4239361,1)
(8313964,2)
(4713139,5)
(1741500,2)
(10185977,1)
(1614280,2)
(2827739,1)
(9160378,1)
(9494701,3)
(10789652,1)
(2698599,13)
(331616,6)
(8787671,91)
(3661066,1)
(6810289,1)
(5001886,3)
(9268577,2)
(2715157,1)
(9454381,2)
(9461789,1)
(3602043,3)
(7447714,1)
(3328723,9)
(959890,8)
(550758,2)
(2704366,8)
(9754216,1)
(7576810,1)
(8927404,1)
(5812930,1)
(9237931,7)
(92935,1)
(2412360,1)
(5947328,1)
(9661255,1)
(6914572,6)
(8304757,1)
(9481471,4)
(5484962,5)
(5746853,1)
(9703564,1)
(9277531,9)
(2271051,3)
(8705941,1)
(8786681,5)
(3433168,63)
(3557927,2)
(6649810,1)
(408215,199)
(9619054,1)
(2327338,2)
(5382695,1)
(8472427,3)
(1402131,1)
(11035161,1)
(4297402,1)
(11155924,1)
(5692268,1)
(9543085,1)
(3696329,3)
(10879247,1)
(9534472,2)
(9601044,1)
(10242036,1)
(969916,1)
(2843065,3)
(278805,4)
(4845296,2)
(1438736,4)
(9010572,1)
(615161,18)
(1849196,76)
(10474381,1)
(10601604,1)
