(1812810,1)
(11256871,1)
(9835660,1)
(11166132,1)
(10827382,1)
(1836724,4)
(2489684,2)
(4551213,1)
(4442665,37)
(1089890,1)
(3108027,2)
(2496839,1)
(10954877,1)
(10033932,2)
(9340984,1)
(2871634,9)
(382686,108)
(1306582,6)
(9319735,1)
(9414162,1)
(8350687,1)
(5785592,3)
(8824889,44)
(2847514,1)
(2187805,6)
(10546645,2)
(3033507,1)
(3169877,2)
(3348058,11)
(10182784,1)
(1688408,4)
(9830223,1)
(5587358,1)
(2621398,5)
(10110099,1)
(10313030,1)
(9225982,1)
(9365077,1)
(2106408,3)
(2494859,3)
(4260315,9)
(9239996,17)
(6784282,1)
(63183,35)
(7371775,1)
(4663336,1)
(4275256,5)
(9639956,1)
(9989778,1)
(9116848,5)
(10584427,1)
(1095082,28)
(143285,2)
(4197802,19)
(1568401,2)
(1858801,1)
(2846939,1)
(4153684,2)
(667842,22)
(1812667,1)
(10950529,1)
(2492068,2)
(785869,14)
(9671806,1)
(5966924,2)
(7118190,4)
(10673978,1)
(4409220,6)
(6578524,87)
(3756073,1)
(6906286,1)
(1538396,2)
(10348942,1)
(7318071,2)
(6608197,4)
(2441721,1)
(9168823,1)
(9173872,1)
(10986241,1)
(7196680,1)
(198131,6)
(8046793,3)
(8855722,1)
(10746977,3)
(4514737,12)
(3523486,1)
(9114868,3)
(7067430,4)
(9348346,14)
(598740,16)
(3116541,1)
(3365905,2)
(6506389,1)
(68584,11)
(9591300,1)
(11296633,1)
(8279443,1)
(9515340,1)
(10781770,1)
(11192430,1)
(7193061,2)
(11175493,1)
(2997202,24)
(8999110,2)
(9303381,1)
(2089435,6)
(9754444,5)
(8957846,1)
(5046826,3)
(5068048,1)
(5899046,1)
(8612460,3)
(10926148,1)
(7052346,2)
(7202466,1)
(8848036,3)
(10447447,1)
(8323047,1)
(6757101,10)
(10164766,1)
(8856965,1)
(2413506,1)
(6904215,7)
(3821971,1)
(3916318,1)
(6883598,2)
(3430588,5)
(9629498,1)
(2376832,669)
(2766884,3)
(2032419,1)
(8441965,1)
(1688048,2)
(4554670,1)
(2634727,1)
(9821151,1)
(9156745,1)
(3069120,3)
(11017830,1)
(2823394,4)
(11048737,1)
(8932744,6)
(2855074,1)
(10309738,1)
(10351128,1)
(9634555,1)
(9344746,4)
(4641600,1)
(11155855,1)
(2001017,1)
(11210844,1)
(3061722,19)
(4297036,3)
(8416459,1)
(9689500,1)
(8046801,1)
(1067623,2)
(9157177,2)
(10832953,1)
(10300575,1)
(10819264,1)
(10304733,1)
(10226460,1)
(8254495,2)
(9824176,1)
(225301,31)
(1601566,2)
(8847541,6)
(10029117,1)
(3033796,1)
(6873481,2)
(7818120,1)
(10665904,1)
(10443270,1)
(2606449,17)
(10821252,1)
(2529823,2)
(10174710,1)
(8999976,1)
(4719992,5)
(1803603,2)
(10552783,2)
(1393432,2)
(10281946,1)
(9438175,1)
(5049788,1)
(5398150,1)
(11165205,1)
(9169354,1)
(10162236,1)
(971637,1)
(3941860,6)
(15014,4)
(4999488,4)
(2298479,1)
(5552554,1)
(5058995,1)
(4251298,1)
(8563375,1)
(3479288,2)
(10910811,1)
(224762,6)
(6117943,1)
(5473516,2)
(1954336,3)
(9375986,2)
(6897719,5)
(5402055,1)
(6902271,1)
(8766064,1)
(9895574,1)
(6805963,1)
(10114004,1)
(11199910,1)
(5903707,14)
(3990235,2)
(6883246,2)
(514337,5)
(9524863,1)
(9383194,2)
(9226422,2)
(9651907,1)
(282245,8)
(4374869,1)
(3083692,9)
(9788258,2)
(1446433,7)
(10668929,1)
(5960236,1)
(1564496,57)
(3332226,2)
(6833386,1)
(8788394,1)
(4233063,1)
(11076493,1)
(10639804,1)
(145562,1)
(7583572,14)
(7036245,2)
(9787312,1)
(5666558,1)
(8195554,1)
(1525273,5)
(1148209,10)
(1155788,2)
(10452306,1)
(5407140,1)
(8921557,1)
(276503,1)
(11187986,1)
(6738283,1)
(11061291,2)
(10777153,1)
(11138629,1)
(1042873,8)
(189870,9)
(8841051,1)
(69376,13)
(4700046,2)
(1348522,36)
(233988,6)
(9725239,1)
(6930469,1)
(10782760,1)
(2078185,1)
(8394382,1)
(6552135,4)
(10667425,1)
(1554398,12)
(9586045,1)
(433201,7)
(5226547,3)
(8838433,7)
(8851825,1)
(9036702,1)
(290660,8)
(9176806,1)
(2140464,2)
(1746887,1)
(10940610,1)
(7189714,1)
(3527347,2)
(2412192,2)
(8016183,1)
(3431460,2)
(9807995,2)
(1560940,1)
(6698017,1)
(9585767,5)
(475809,1)
(9644419,1)
(10708645,2)
(5510361,1)
(9783451,1)
(5045377,1)
(9770905,4)
(6582187,1)
(7284042,1)
(2052912,1)
(3899741,6)
(10931854,1)
(7572033,1)
(3318457,6)
(1445506,7)
(8716960,1)
(3998958,4)
(2771031,1)
(6780907,2)
(10000929,1)
(51113,1)
(5006415,1)
(1053510,1)
(8926895,2)
(9204741,1)
(1587923,2)
(3432810,9)
(5735542,10)
(6518467,2)
(7445412,1)
(3676199,2)
(6557770,1)
(10956758,1)
(4448399,68)
(2408188,5)
(10384087,1)
(10959665,1)
(5587303,1)
(3964388,3)
(4248012,1)
(7712253,1)
(9473130,7)
(1804486,5)
(4572391,1)
(8245981,1)
(6812541,10)
(7531146,1)
(7518051,1)
(8835977,1)
(6689341,2)
(10961301,1)
(417218,1)
(10938938,1)
(665169,5)
(9025911,4)
(1712479,2)
(333824,2)
(10001397,2)
(5712574,1)
(7351821,2)
(3493354,2)
(3051165,1)
(9456003,1)
(5729756,1)
(10396660,1)
(5064088,16)
(10678964,2)
(8965090,1)
(9380133,1)
(778678,18)
(6851566,1)
(1463065,3)
(2185825,1)
(5364517,1)
(7446501,1)
(11168365,1)
(2559361,6)
(5993500,12)
(10000668,1)
(8447608,3)
(10436890,1)
(9372510,1)
(2322660,2)
(9286732,1)
(2061525,7)
(4933543,3)
(9061614,1)
(9910828,1)
(10797115,3)
(3609652,2)
(7601472,1)
(9188560,1)
(8453746,1)
(1240521,1)
(1870744,1)
(10774895,2)
(2143038,33)
(9300573,2)
(4010178,1)
(115169,6)
(9792262,1)
(1540087,15)
(262481,37)
(1571885,26)
(1590659,44)
(9138510,2)
(8918263,6)
(10475464,1)
(3317412,1)
(8846317,1)
(3883216,1)
(9941095,4)
(9070524,1)
(2449273,42)
(5835235,1)
(4813140,2)
(717279,9)
(1049795,156)
(999349,3)
(1637954,3)
(68232,6)
(7514217,1)
(10337494,1)
(11054820,1)
(1300867,6)
(9545040,1)
(1713090,1)
(901265,6)
(5617688,12)
(6772663,1)
(4954171,1)
(11171541,1)
(2288263,3)
(10370730,1)
(8911503,1)
(2370694,1)
(8318232,2)
(1172527,25)
(10521705,1)
(7421850,1)
(8364187,2)
(5587718,2)
(1534859,3)
(9146331,1)
(2334892,3)
(8975710,18)
(49026,4)
(10031394,1)
(8462719,1)
(8799545,11)
(4449370,2)
(5843100,2)
(2972452,4)
(1319353,2)
(4485785,1)
(9411813,2)
(10167934,2)
(8254503,1)
(10224444,1)
(4854082,1)
(9680716,1)
(3457516,1)
(3886376,2)
(10340571,2)
(2300709,1)
(3022554,3)
(9922780,1)
(5399401,2)
(10642477,1)
(9303895,1)
(4013599,1)
(2367463,3)
(97717,21)
(627747,19)
(9377119,1)
(10094278,1)
(10990822,1)
(8577749,1)
(1701589,5)
(11168013,1)
(8551891,1)
(6710931,2)
(2639713,1)
(7436142,2)
(8157222,1)
(1678030,5)
(2915310,1)
(3549820,1)
(6718131,3)
(8032699,1)
(10185394,1)
(11211221,1)
(898369,6)
(10661548,1)
(667185,1)
(2318593,1)
(1016773,1)
(1836463,1)
(6747454,5)
(2550973,1)
(9565813,1)
(5725606,17)
(273731,3)
(7411158,3)
(1094317,1)
(9092142,1)
(4658837,3)
(6753853,1)
(5909639,2)
(8828074,3)
(8910054,1)
(4126206,39)
(2002395,1)
(7948874,2)
(10634755,1)
(11245684,1)
(2277670,10)
(9792974,1)
(5361781,1)
(6551857,1)
(4702620,1)
(9192709,1)
(5615815,1)
(10862455,1)
(10496812,1)
(10866118,1)
(5803258,8)
(459681,1)
(1307374,1)
(2605341,1)
(5018980,1)
(10497604,1)
(4815832,1)
(9733096,1)
(823415,1249)
(11073531,1)
(72101,8)
(8422407,1)
(216941,76)
(10203005,3)
(2704044,16)
(10591258,2)
(3281106,4)
(204764,1)
(2885549,1)
(1930422,6)
(7210485,1)
(10548661,1)
(611258,18)
(1287917,3)
(9298054,1)
(10401140,1)
(10210331,1)
(896389,1)
(9722016,1)
(10640956,1)
(8770131,151)
(834594,2)
(4232073,1)
(10953274,1)
(6855526,1)
(3191511,202)
(10661331,1)
(896073,2)
(5554,23)
(10080822,2)
(1382506,3)
(10999977,1)
(8259959,1)
(4627039,32)
(1426831,2)
(8842104,28)
(7821513,1)
(3993494,6)
(3073198,1)
(9923338,1)
(3658973,1)
(10747615,1)
(132197,3)
(980547,17)
(9565002,1)
(6565041,14)
(11204607,1)
(10703505,1)
(6383304,1)
(2063596,2)
(7296274,1)
(2717879,1)
(3000521,2)
(1590901,109)
(9116587,2)
(9181440,2)
(2951662,31)
(968893,1)
(1028617,1)
(1381354,1)
(7395788,2)
(953493,13)
(288122,1)
(6806043,1)
(2046612,1)
(10499378,1)
(5384416,1)
(8282836,1)
(9509059,1)
(3167897,1)
(6512076,3)
(2532306,6)
(11088076,1)
(2075674,1)
(11222012,1)
(9498089,1)
(5735605,2)
(1454119,5)
(7372927,1)
(5880046,12)
(11096202,1)
(4319086,4)
(9084420,7)
(1973597,2)
(2821774,17)
(1883452,3)
(10698566,1)
(5984609,1)
(4553130,7)
(4130067,5)
(1452139,3)
(10530417,3)
(9881065,1)
(113684,3)
(6553422,5)
(1955975,19)
(5007180,1)
(8879636,1)
(6617566,3)
(1224835,5)
(11137224,1)
(3096625,6)
(1879385,1)
(4634662,1)
(2340895,1)
(3335331,2)
(9104517,1)
(10998239,1)
(10810623,1)
(6813487,1)
(8134092,1)
(10948676,1)
(10738543,1)
(577455,9)
(2740503,1)
(2696440,1)
(10818733,1)
(9771274,1)
(1837750,1)
(5464499,2)
(1654946,1)
(10251688,1)
(10430760,1)
(1343473,42)
(387870,2)
(4052316,2)
(8901441,7)
(4212831,1)
(1503097,56)
(7533937,1)
(4973594,30)
(4438084,5)
(669129,7)
(10619680,1)
(11050923,1)
(3107749,7)
(10311050,1)
(6903063,4)
(4940770,1)
(6793615,1)
(11071713,1)
(9990974,1)
(9811512,2)
(4720305,20)
(7735177,1)
(2642386,1)
(9213750,1)
(9679358,1)
(3280053,1)
(5017396,1)
(10232779,1)
(8910766,6)
(10235686,1)
(2793578,3)
(4629811,81)
(8892253,12)
(6597686,3)
(10721226,1)
(4075735,2)
(4464085,3)
(8945966,2)
(9263764,4)
(9948971,1)
(1112118,78)
(10886512,2)
(4646542,1)
(9038322,1)
(8550928,1)
(7476454,1)
(3998741,1)
(3121518,2)
(3350901,3)
(435335,3)
(9839936,1)
(7378642,8478)
(100921,2)
(10265449,1)
(429909,1)
(10955551,1)
(9722052,2)
(8261848,2)
(6727294,10)
(1449755,80)
(5869030,4)
(3034038,1)
(2871238,1)
(9313803,1)
(4145467,1)
(10115346,1)
(6513462,1)
(8453070,1)
(4961029,1)
(9907435,1)
(1829038,1)
(5403009,6)
(8821729,25)
(6727005,2)
(4523287,7)
(4792388,1)
(2777639,3)
(2053795,2)
(9423946,3)
(1522429,1)
(10455411,1)
(2642188,1)
(9588421,1)
(64849,43)
(5502199,1)
(2485949,3)
(5390716,2)
(4002393,1)
(5522917,2)
(9205849,1)
(10814223,1)
(10152075,1)
(5571562,1)
(5831572,3)
(10604406,1)
(10788395,1)
(8555004,1)
(10571890,1)
(5371249,1)
(7436007,1)
(10905259,1)
(11256574,1)
(10371577,1)
(6512887,1)
(10781987,1)
(777435,1)
(6522831,4)
(665628,2)
(4484894,2)
(11205985,1)
(1838407,17)
(8941456,4)
(2101818,1)
(9778457,1)
(11023987,1)
(7280181,1)
(9757469,1)
(10422543,2)
(650228,1)
(1342285,1)
(6008070,1)
(10698313,1)
(10741576,1)
(4876989,1)
(9847207,1)
(3571465,1)
(528909,3)
(10032744,5)
(10530390,1)
(2363962,53)
(4231308,1)
(6607152,3)
(959532,1)
(9952048,1)
(10714585,1)
(8450460,1)
(11280658,1)
(1369051,2)
(10081768,1)
(10949729,1)
(9305262,1)
(9032382,1)
(9340272,1)
(6570513,1)
(11210330,1)
(10713801,2)
(3320959,2)
(10391025,1)
(8332650,2)
(8928523,3)
(10223418,1)
(6554412,4)
(9041201,3)
(9248815,1)
(493511,1)
(2986862,2)
(8266870,2)
(2245657,9)
(8414839,1)
(9251785,1)
(169971,7)
(8715736,1)
(3166915,52)
(1716970,47)
(10505145,1)
(10397650,1)
(5470546,3)
(6578975,4)
(9469720,1)
(824243,2)
(8842492,3)
(1484468,3)
(5838304,2)
(9189866,2)
(7296120,2)
(8625709,1)
(1030245,1)
(4238563,4)
(2890084,1)
(1677392,1)
(5271501,1)
(7406299,1)
(9993449,1)
(5536093,3)
(2088706,1)
(5752534,3)
(2298677,1)
(9363556,7)
(10543279,1)
(550238,13)
(2885431,32)
(10897655,1)
(1745680,1)
(11280900,1)
(8869420,37)
(7395832,2)
(420881,24)
(1511179,15)
(9811611,4)
(4942868,6)
(1785893,2)
(10473880,1)
(65460,16)
(9375571,1)
(10538365,2)
(578544,1)
(9955928,6)
(2664760,1)
(4959022,3)
(4793260,1)
(10895224,1)
(6858749,5)
(6737257,9)
(10639796,1)
(592368,11)
(1943905,8)
(7402031,1)
(1049407,2)
(4903186,1)
(9097480,1)
(6356827,1)
(3047395,1)
(1906591,1)
(3383662,23)
(9112121,1)
(8431669,4)
(10114617,2)
(9137025,1)
(5048644,2)
(10736329,1)
(1615462,1)
(7120241,8)
(8956180,9)
(7458139,1)
(10061094,1)
(10265881,3)
(2313255,1)
(4512306,1)
(4179460,1)
(8764642,3415)
(3414270,2)
(9489872,4)
(1491208,2)
(9226521,1)
(4223523,2)
(10324335,1)
(14835,4)
(10497398,1)
(2962714,7)
(9065511,2)
(4785494,2)
(9904267,1)
(11211537,1)
(9094834,8)
(10328070,1)
(10670755,1)
(5720395,1)
(8460379,1)
(10313445,1)
(1206303,1)
(11039151,1)
(2038530,1)
(10138053,2)
(4834408,2)
(9121842,1)
(5890757,1)
(3276247,15)
(7556743,1)
(9051516,1)
(1756831,6)
(1306249,6)
(9407188,1)
(903506,1)
(11061318,1)
(9175852,1)
(2475373,3)
(10575102,1)
(4629910,2)
(10825014,1)
(5486774,1)
(3614313,1)
(1295260,3)
(6287112,1)
(9217828,1)
(4088407,1)
(10873606,1)
(4932652,1)
(10192945,2)
(10630407,2)
(6046113,1)
(10692076,1)
(9324135,1)
(662559,1)
(132854,2)
(3294878,2)
(9059329,1)
(4812862,2)
(3289450,2)
(4621143,1)
(9436203,1)
(2484409,7)
(2882560,3)
(9241272,1)
(5509165,8)
(10146982,1)
(10835211,1)
(7298669,1)
(4575721,2)
(9081252,1)
(9099820,1)
(9284158,1)
(5528272,1)
(4460683,1)
(1907248,5)
(464081,2)
(4690363,1)
(8254954,2)
(6732054,2)
(9829324,1)
(9543321,1)
(9075114,1)
(2187544,3)
(908907,32)
(7623153,2)
(3354196,13)
(6906231,1)
(6897953,1)
(2087158,2)
(9259507,1)
(394412,8)
(4948187,2)
(10189101,1)
(1965163,2)
(9214894,1)
(10520454,1)
(6763915,1)
(9323794,2)
(2992018,1)
(9936857,1)
(3137287,1)
(5992169,1)
(1295062,57)
(389454,1)
(10185358,2)
(5752949,1)
(11108910,2)
(7101486,6)
(2997851,1)
(8705575,2)
(6832503,8)
(3146656,2)
(5760869,1)
