(11223856,1)
(828697,10)
(7980811,1)
(3575611,1)
(5411665,1)
(9899478,1)
(7591381,3)
(10335565,1)
(7597060,1)
(9653614,1)
(1489046,55)
(11085102,1)
(9959868,1)
(1622759,1)
(2609281,1)
(10601361,1)
(1171921,55)
(8369279,1)
(7116676,1)
(9763207,1)
(10673669,1)
(10803277,1)
(9740022,1)
(5736539,2)
(9898073,3)
(7446409,1)
(744816,1)
(9229237,1)
(6912222,1)
(7947124,1)
(5063149,3)
(6545545,1)
(9494224,3)
(10752201,1)
(8957474,1)
(7037025,2)
(4709189,13)
(460433,1)
(4844585,1)
(7840267,1)
(8959391,1)
(10595602,1)
(9942172,3)
(5672332,4)
(4818881,1)
(1357024,1)
(7437986,2)
(9410965,1)
(10747702,1)
(9745063,2)
(4829023,1)
(10879427,1)
(2360782,4)
(4562344,1)
(8861614,1)
(9407789,2)
(6515584,2)
(1809776,1)
(4399995,1)
(9429091,4)
(2105505,1)
(4845179,1)
(3487718,10)
(2026954,1)
(2934622,2)
(4523671,1)
(2954125,27)
(4861676,1)
(4338541,1)
(1353127,4)
(277374,1)
(1364152,3)
(4581767,4)
(8835091,1)
(9081556,2)
(9608605,1)
(9061800,3)
(10744138,1)
(559461,2)
(9202317,1)
(554420,4)
(11140696,1)
(4630915,4)
(3552508,1)
(216074,134)
(11141631,1)
(9135231,4)
(2530729,1)
(9636163,4)
(7453537,2)
(10757044,1)
(9042333,2)
(10377596,1)
(2053945,7)
(3332863,18)
(10351314,1)
(5739581,1)
(10271520,3)
(8278919,1)
(1906480,9)
(10975501,1)
(4840138,1)
(4117870,3)
(1915219,1)
(9580291,1)
(192099,159)
(407658,26)
(1634260,14)
(9512935,2)
(3180961,1)
(6601128,10)
(10923625,1)
(7876916,1)
(10929953,1)
(10439353,3)
(2087597,1)
(2452195,3)
(10108008,1)
(9033621,2)
(10321218,3)
(10739062,1)
(6695170,3)
(8339722,1)
(2500867,2)
(10555705,1)
(8898038,1)
(7310265,1)
(6707509,2)
(8700874,1)
(4327552,1)
(2907136,1)
(7149382,13)
(7608599,1)
(1886528,3)
(91710,100)
(1443352,5)
(6637750,3)
(10253791,1)
(10257102,1)
(1680061,5)
(4213053,1)
(9580057,1)
(9947276,2)
(9678590,1)
(8873134,2)
(10962848,1)
(10364121,1)
(1798715,1)
(3270105,4)
(10619074,1)
(5098646,1)
(7360062,1)
(8492858,1)
(905015,85)
(9646838,1)
(4874348,1)
(2457343,8)
(5021668,1)
(6688916,1)
(11288440,1)
(4196558,20)
(4873402,1)
(9737404,1)
(11178091,1)
(2324232,3)
(8965691,2)
(206570,63)
(2532132,1)
(731649,6)
(7256860,2)
(9522574,4)
(10150993,1)
(9828476,1)
(5701988,1)
(1366349,1)
(2357515,1)
(10399321,1)
(9760237,5)
(2793511,1)
(10382518,1)
(9774683,3)
(9931705,1)
(1166963,16)
(122249,3)
(7058761,1)
(9861514,2)
(10776566,1)
(897268,19)
(9366910,1)
(545529,7)
(3153574,4)
(9821851,1)
(3821923,1)
(10791028,1)
(1807840,5)
(6726850,2)
(9443932,13)
(1381009,1)
(9061693,14)
(4623977,1)
(11267966,1)
(7472897,1)
(3022182,13)
(6514297,3)
(859981,23)
(8401740,3)
(8917973,1)
(2522386,1)
(4578932,1)
(1669523,6)
(9904615,1)
(9166633,1)
(1932896,1)
(2527930,1)
(10468324,1)
(9873430,1)
(1291829,1)
(136299,5)
(2899848,13)
(8319526,1)
(1338665,3)
(549066,1)
(4625182,1)
(11022930,1)
(10393796,1)
(296742,10)
(4567646,2)
(9091401,1)
(7169597,1)
(10843534,1)
(8423773,2)
(7215027,5)
(9513826,1)
(9203398,1)
(5761072,1)
(1859438,1)
(946515,27)
(9922534,1)
(3906695,4)
(4147138,2)
(8042587,2)
(9551509,5)
(3247110,2)
(9340125,1)
(10213894,1)
(2495620,4)
(5881376,1)
(10372717,1)
(366735,2)
(2891477,15)
(4047959,23)
(9154258,1)
(10086481,2)
(9867842,1)
(1086179,2)
(9019401,1)
(8326140,1)
(2165653,1)
(9945043,1)
(4891637,1)
(4960423,6)
(11235871,1)
(10237717,1)
(9104406,3)
(3087343,67)
(4199168,24)
(2072142,1)
(2799443,2)
(10471357,1)
(10459829,1)
(2637361,1)
(8797003,2)
(11015244,1)
(11071918,1)
(680114,1)
(9729476,1)
(10852147,1)
(8546236,2)
(10483831,1)
(10813771,1)
(7703133,2)
(1512300,1)
(5993741,7)
(983406,2)
(8995094,12)
(5587995,1)
(8354022,1)
(10142578,1)
(10703845,1)
(10478378,1)
(1545061,3)
(1848070,224)
(9912120,1)
(9675999,1)
(9774809,1)
(1297940,10)
(991920,3)
(1971415,2)
(10628696,1)
(10935640,1)
(4973609,1)
(9253690,3)
(10164556,1)
(9906686,1)
(1538708,1)
(9263040,1)
(1497579,36)
(378714,3)
(11091600,1)
(9502675,1)
(8797157,3)
(30410,16)
(3333358,18)
(3329849,9)
(1962992,4)
(3517435,1)
(94672,15)
(9553778,2)
(10213281,1)
(4721635,4)
(1292693,3)
(9086795,1)
(2629144,5)
(415460,56)
(9415140,1)
(7681273,2)
(7436707,2)
(207425,48)
(1647130,61)
(10687862,1)
(10376911,1)
(9005695,1)
(2432601,1)
(4512646,1)
(1170670,1)
(8264347,1)
(3115792,1)
(252984,1)
(11176633,1)
(3562697,1)
(1276042,15)
(9817685,1)
(9218284,1)
(9600270,1)
(9020616,1)
(622073,29)
(9677825,1)
(4172905,1)
(3031100,12)
(1456934,77)
(9954863,1)
(9235537,3)
(8267254,1)
(9408878,2)
(10588015,1)
(2853596,1)
(5383216,2)
(6575506,20)
(7286579,2)
(115193,1)
(7365427,1)
(10113200,1)
(4187585,7)
(367310,2)
(8939816,2)
(604415,350)
(9768680,1)
(4629359,3)
(1580071,1)
(9996740,1)
(4469221,2)
(11077174,1)
(10381528,1)
(6561547,2)
(2899947,1)
(4543949,1)
(10982233,1)
(4450573,2)
(6637651,2)
(7072549,1)
(948946,9)
(5968136,1)
(1892251,2)
(6524692,11)
(10177165,1)
(3280690,1)
(5594636,1)
(6863489,2)
(7433638,1)
(11190754,1)
(9016747,1)
(371072,1)
(2650618,4)
(9456703,1)
(841674,1)
(3997307,1)
(25614,2198)
(1681367,5)
(9524059,1)
(5725982,1)
(7951084,9)
(8885825,1)
(5746574,2)
(11293291,1)
(11309013,1)
(2032407,2)
(10174104,1)
(4025269,2)
(9125881,1)
(10443439,5)
(11202967,1)
(9237616,1)
(9334122,2)
(9036088,2)
(8868437,2)
(10618048,7)
(9052684,1)
(4024062,1)
(6564913,2)
(4627874,4)
(1554386,15)
(9895526,1)
(11078975,1)
(10643554,1)
(9966707,1)
(952103,23)
(626349,10)
(5826610,2)
(10217755,1)
(11095552,1)
(9852109,1)
(10095094,1)
(9055140,1)
(3300732,1)
(7519642,1)
(38520,8)
(792138,1)
(10347283,1)
(5831164,1)
(10893944,1)
(8850661,9)
(9090213,1)
(1710586,1)
(2260657,1)
(7567937,1)
(933582,11)
(10579259,1)
(3274967,1)
(10436842,1)
(856362,2)
(8956844,1)
(4519252,1)
(10317088,1)
(3364642,15)
(10925858,1)
(8397098,1)
(841124,1)
(4153023,2)
(9059155,1)
(8914552,1)
(2492218,1)
(107570,11)
(10046548,1)
(11035242,1)
(2051091,1)
(9971440,1)
(8777654,6)
(308397,2)
(9585205,2)
(1898705,1)
(731036,10)
(1905391,4)
(9057274,1)
(1041736,16)
(3596500,2)
(9682423,2)
(3745234,4)
(8903923,1)
(9090862,1)
(2843795,1)
(1157080,63)
(10409059,2)
(7096598,2)
(704009,47)
(1819478,3)
(9307942,1)
(10351053,1)
(6535032,16)
(2892269,7)
(1048801,5)
(397623,17)
(10430000,1)
(10060353,1)
(8270881,3)
(10649233,2)
(2537272,2)
(433659,1)
(10260487,1)
(9372058,2)
(32445,316)
(9092996,26)
(249915,2)
(422750,1)
(9652976,3)
(8390671,1)
(2537173,1)
(916103,1)
(4576655,12)
(5000878,1)
(6566687,2)
(1606603,17)
(7956999,2)
(11290483,1)
(82206,3)
(11175742,1)
(276708,5)
(5843855,1)
(11241423,1)
(9204135,2)
(6943778,6)
(1303113,4)
(7135431,2)
(8768708,1)
(8999667,1)
(3439739,5)
(8973872,25)
(74737,2)
(3295900,5)
(9737008,1)
(1072129,125)
(10358074,1)
(4794914,1)
(2025315,4)
(8416230,1)
(2885771,3)
(3028771,3)
(556301,2)
(4783664,1)
(6360621,1)
(3289853,3)
(1970560,1)
(4175669,16)
(7627002,10849)
(396570,1)
(1574447,5)
(8861812,6)
(9559402,1)
(4456612,3)
(2087696,1)
(665913,9)
(10512225,1)
(7425097,5)
(3700530,2)
(4702267,1)
(5690369,1)
(10395424,1)
(6558352,7)
(1617944,1)
(2185516,2)
(1350391,1)
(10469053,1)
(9454921,4)
(9801204,1)
(8887445,1)
(656283,8)
(180326,1)
(7794881,1)
(6863173,1)
(7267769,3)
(3524923,1)
(5204043,1)
(4198079,1)
(4209698,2)
(3484171,1)
(10501588,1)
(2618218,1)
(8035594,1)
(6792091,1)
(10261279,1)
(4397465,3)
(10974052,1)
(325983,2)
(10634941,1)
(292485,340)
(7570690,1)
(10108792,1)
(5588174,1)
(9133251,1)
(10025280,2)
(9321810,1)
(5382163,1)
(5494745,2)
(6961697,1)
(8926487,1)
(5807756,1)
(11205775,1)
(2337490,9)
(181451,1)
(2721123,5)
(2903239,2)
(10810116,1)
(8765477,17)
(1061671,3)
(1571062,1)
(11205324,1)
(10228483,3)
(1616855,1)
(6590590,258)
(7381410,1)
(10575659,1)
(654429,76)
(9440926,1)
(4513573,1)
(8963576,3)
(10755523,1)
(10731763,1)
(2059778,16)
(8854225,1)
(10616310,1)
(4981411,1)
(5754241,1)
(7373897,2)
(1947449,19)
(2313045,33)
(9613195,1)
(3905867,1)
(5966002,23)
(3538577,1)
(4439738,1)
(962292,2)
(1015122,20)
(9639999,1)
(1337477,1)
(10224649,1)
(9846359,1)
(10537976,1)
(7616626,1)
(8690894,1)
(9329876,2)
(4118310,1)
(2093446,14)
(5886128,17)
(8686321,1)
(1594544,1)
(8999766,1)
(11267551,1)
(552297,2)
(7294183,1)
(5482964,2)
(3021417,1)
(11290285,1)
(5512744,8)
(4181257,2)
(4472713,2)
(2207214,2)
(1088654,3)
(8395162,1)
(5853241,1)
(11217042,1)
(1935118,2)
(437141,2)
(4957940,4)
(11305314,1)
(6866404,1)
(935166,71)
(7466902,8)
(1029631,3)
(5669813,15)
(7971541,1)
(11242927,1)
(5032143,1)
(4841678,2)
(7374472,1)
(4314187,2)
(2618317,1)
(9644209,1)
(5513671,1)
(2169316,4)
(9793556,2)
(9971756,1)
(6722818,5)
(11146438,1)
(6722359,6)
(10761977,1)
(9805219,1)
(7045297,56)
(10437021,1)
(4132134,1)
(8296522,1)
(6637714,1)
(10204137,3)
(6570196,1)
(10244782,1)
(5057696,1)
(8803933,4)
(8798309,68)
(4574378,1)
(3554777,1)
(8791379,56)
(10784431,1)
(10565380,1)
(11109781,1)
(1782839,2)
(7423639,1)
(9900303,5)
(2490931,1)
(3195091,2)
(10784387,1)
(10888139,1)
(8960155,1)
(8886392,1)
(7051380,1)
(9139859,1)
(4546180,1)
(5522996,1)
(3360330,21)
(3097856,8)
(10431207,1)
(10361926,1)
(2184977,1)
(7612666,1)
(2424736,14)
(8836298,1)
(118127,2)
(23788,2)
(11291121,1)
(10825002,1)
(4966094,1)
(1428791,2)
(2608192,4)
(3297278,18)
(957397,7)
(10917361,1)
(9411009,1)
(3693737,1)
(10574911,1)
(10269749,1)
(1656202,26)
(9915758,1)
(10659908,1)
(222932,2)
(9451041,1)
(5488607,1)
(4070278,1)
(10091502,1)
(11192022,1)
(3039166,2)
(742539,15)
(6096052,1)
(4574125,1)
(8817488,4)
(8604484,1)
(1211340,5)
(8840879,1)
(6579098,5)
(7693315,1)
(9655171,1)
(426413,1)
(8897345,157)
(10823239,1)
(10185508,1)
(9727595,1)
(708690,2)
(6530307,1)
(11123000,1)
(1637681,4)
(8985518,1)
(3247778,1)
(1774441,1)
(9321090,1)
(11230632,1)
(8764531,1)
(11038924,1)
(5473595,2)
(209892,6)
(1162813,33)
(9442249,2)
(8774486,1)
(413084,3)
(5631959,1)
(10018314,1)
(6773993,1)
(2049922,11)
(7060218,3)
(7259272,2)
(10148293,2)
(10714375,2)
(8942687,1)
(9814778,7)
(10851003,1)
(447519,9)
(9635173,2)
(1304851,1)
(2249542,19)
(880482,5)
(978745,21)
(3411928,4)
(8728630,1)
(10462285,1)
(9823985,1)
(10069219,1)
(1898804,40)
(6706654,1)
(9290707,5)
(3098332,2)
(4532905,1)
(3573136,1)
(10561799,1)
(1537259,16)
(9816398,2)
(1026328,3)
(10627516,1)
(3264751,4)
(9814426,2)
(6926731,2)
(3060973,3)
(1232798,16)
(2769446,2)
(2030265,1)
(2250397,5)
(2340289,1)
(7017874,1)
(1439645,1)
(11121336,1)
(5386970,2)
(1290460,1)
(56593,8)
(3386260,12)
(10538614,1)
(953995,3)
(11170396,1)
(5971367,1)
(4179962,7)
(2662886,1)
(2420325,2)
(10576649,1)
(3656071,1)
(9229039,1)
(704180,6)
(8771326,121)
(10714339,1)
(7187461,1)
(9915280,6)
(1011324,1)
(10854361,1)
(9403062,12)
(10735525,1)
(4813,10)
(4184939,10)
(11222253,1)
(2029267,1)
(2953748,1)
(6539281,16)
(5588039,18)
(10865666,1)
(4506085,1)
(10401903,1)
(10896752,1)
(11019303,1)
(100018,2)
(4554938,1)
(6563464,4)
(9093986,1)
(10442845,1)
(7069002,5)
(10290709,1)
(7803736,6)
(9951695,1)
(9060216,1)
(2687636,1)
(5591017,1)
(10190142,1)
(3349270,5)
(4815974,1)
(103637,1)
(1664771,1)
(10629686,1)
(11027674,1)
(11125549,1)
(6892540,30)
(4676582,8)
(7624645,1)
(2073448,1)
(7538713,1)
(11238382,1)
(4441465,1)
(8775160,1)
(2777014,1)
(8966906,1)
(8834821,1)
(10676774,1)
(9754685,4)
(449670,4)
(7044090,6)
(3950876,1)
(10178515,1)
(11051541,1)
(5484034,2)
(5978135,2)
(5483206,3)
(8604547,2)
(10685530,1)
(6698357,1)
(10980451,1)
(10215360,1)
(11257967,2)
(5973185,1)
(8346201,1)
(7471258,2)
(9501847,1)
(2665243,1)
(2597780,1)
(5890998,4)
(9048823,2)
(4958372,1)
(6416908,1)
(8801098,1)
(6552835,7)
(4196657,15)
(7040391,2)
(10839610,1)
(3591352,1)
(11076148,1)
(6749738,10)
(652232,1)
(9758799,1)
(8037079,1)
(424631,4)
(3475720,1)
(4947699,1)
(1001776,1)
(9747106,2)
(10406746,1)
(147783,5)
(11048310,1)
(9189205,2)
(1216084,1)
(2789859,2)
(10385065,1)
(1832716,2)
(8293318,2)
(1825165,2)
(8858771,1)
(9141171,2)
(9400551,3)
(2724904,1094)
(11005605,1)
(3561193,1)
(3403387,1)
(3924325,1)
(11259136,1)
(3168721,2)
(3890530,3)
(4048075,1)
(10576333,2)
(9448478,2)
(9772964,1)
(27946,7)
(669829,14)
(1394960,1)
(9240946,1)
(3979721,1)
(6223759,1)
(8692027,2)
(2451114,1)
(5470589,8)
(11235934,1)
(4262671,1)
(10228708,1)
(8770688,40)
(572600,1)
(1987698,4)
(2790046,6)
(9682937,1)
(3232936,2)
(506108,10)
(9084012,2)
(1490558,13)
(1816101,1)
(5062393,1)
(8350224,1)
(2627579,3)
(9472246,1)
(3036097,2)
(9306655,5)
(8260486,1)
(10008351,1)
(9370320,1)
(9040155,1)
(481223,1)
(8555308,3)
(556554,1)
(1018499,2)
(9535499,3)
(5895272,5)
(6201410,1)
(5412691,1)
(1268988,3)
(2558972,2)
(10417735,1)
