(10265250,4)
(7418197,1)
(1926571,6)
(5520919,1)
(7667047,7)
(9606501,2)
(7110224,6)
(1577447,2)
(4309960,1)
(9543718,1)
(9843265,1)
(11112717,2)
(9314910,5)
(8876233,1)
(5059156,1)
(8341894,1)
(3907921,3)
(711464,2)
(10205751,1)
(6791590,1)
(9096274,1)
(7136550,3)
(4199206,3)
(6716999,1)
(9197515,1)
(7275169,1)
(9858962,1)
(11309395,1)
(8644078,1)
(9342649,1)
(6510537,1)
(6907690,1)
(1012597,1)
(7491583,1)
(11042012,1)
(5737397,7)
(10418395,1)
(833487,1)
(3908001,3)
(3407638,1)
(6560884,11)
(5201760,1)
(8969799,1)
(1072951,45)
(1851556,31)
(10349400,1)
(10271910,1)
(270446,1)
(5862082,2)
(24951,3)
(10731199,2)
(6888313,3)
(9143802,6)
(1486510,11)
(2809219,9)
(3946531,3)
(11171721,1)
(4155330,7)
(10392033,1)
(5749970,27)
(4224847,1)
(10744627,1)
(8900433,1)
(3411859,1)
(10056360,1)
(2863138,10)
(4652310,3)
(1296881,1)
(2481006,1)
(9574480,2)
(10829182,1)
(5812546,2)
(5966609,1)
(9309042,1)
(8732944,3)
(2297650,1)
(10486732,1)
(8828353,4)
(8559848,1)
(1826644,2)
(10417053,1)
(3253198,1)
(5534194,8)
(3192178,4)
(10105112,1)
(9949781,1)
(2955497,25)
(9560908,1)
(8452972,1)
(6796009,1)
(4790786,1)
(7283944,2)
(7512417,1)
(449312,1)
(9128287,1)
(6547500,3)
(8663905,2)
(4178317,1)
(8428159,4)
(8860041,1)
(5862343,1)
(1455127,3)
(8277959,2)
(1875118,142)
(9103130,1)
(10033969,1)
(8752799,2)
(221972,1)
(9650773,1)
(1332466,2)
(7604262,1)
(275784,1)
(7621218,1)
(9437860,1)
(80157,2)
(6581061,17)
(10044796,1)
(8635528,1)
(3993773,2)
(7997050,1)
(8760150,1)
(9858214,1)
(1511241,14)
(9684848,2)
(10376383,1)
(8815681,34)
(249747,76)
(6514948,1)
(6688487,1)
(230981,1)
(11147241,1)
(6740316,1)
(4931798,2)
(1914240,2)
(3507114,1)
(2819669,2)
(10329303,1)
(3564193,1)
(6770827,4)
(9555887,1)
(1721415,2)
(2560503,1)
(10926210,1)
(6776443,2)
(10683742,1)
(6233931,1)
(1981705,1)
(9879392,2)
(7430599,1)
(2560990,17)
(61509,6)
(8039908,1)
(7551225,3)
(4595206,2)
(133961,12)
(4031184,1)
(6759190,10)
(1985459,1)
(11316630,1)
(8688845,2)
(8853977,1)
(1122234,2)
(2421895,1)
(10083810,1)
(1153474,2)
(8826931,90)
(11014897,1)
(10117759,1)
(4418266,1)
(6214266,1)
(8265051,1)
(9059482,3)
(6937769,1)
(6737932,2)
(4820764,6)
(5619730,4)
(8872138,1)
(9920430,1)
(6535161,19)
(9431271,1)
(6903504,1)
(9386506,1)
(5401858,2)
(9706708,1)
(7793371,5)
(7747336,2)
(3377380,16)
(10281667,2)
(3535087,3)
(11063613,1)
(914928,27)
(8455681,1)
(7691860,2)
(2052372,10)
(8363278,2)
(9087526,8)
(2281774,9)
(3448011,7)
(1436911,1)
(131233,16)
(2408467,2)
(9025588,1)
(2126064,2)
(2020601,3)
(9349093,2)
(194216,74)
(10454241,1)
(10350615,1)
(7052463,1)
(7123086,1)
(7810209,1)
(1609991,17)
(4901430,2)
(2898022,45)
(9061533,3)
(9378424,1)
(10301998,1)
(7242895,1)
(9167392,1)
(10916310,1)
(9824059,1)
(5533050,4)
(2311194,1)
(10936822,2)
(10643034,2)
(225833,2)
(9671310,1)
(7419286,1)
(3573760,7)
(11215254,1)
(8120079,1)
(8084818,1)
(10681979,1)
(2056189,17)
(2332182,29)
(8755255,1)
(4579718,1)
(6621453,6)
(9768520,1)
(5774981,3)
(10507297,1)
(2328060,5)
(8732881,1)
(2719264,2)
(8580349,1)
(2165980,3)
(1534426,2)
(9283087,1)
(10145578,1)
(10933302,1)
(4146178,4)
(3360874,2)
(10509970,1)
(1558178,1)
(1673873,2)
(415102,4)
(9826930,2)
(1282930,2)
(5411802,1)
(7486633,3)
(6025558,1)
(10481881,1)
(9583453,1)
(8362747,3)
(11171578,1)
(10358266,1)
(8854101,3)
(9614322,1)
(4628407,2)
(11276491,1)
(497841,4)
(3526078,6)
(7175737,2)
(4579105,1)
(3484110,2)
(5055303,1)
(10120377,1)
(8548345,2)
(10324614,1)
(3572888,2)
(10666291,1)
(2839252,1)
(11300402,1)
(8937668,1)
(11284339,1)
(1489670,10)
(3023166,8)
(3087986,31)
(2893072,1)
(4509148,1)
(4184617,3)
(1533373,6)
(8937569,1)
(3347383,1)
(10058593,1)
(9444556,1)
(3610687,1)
(1530628,11)
(6535062,1)
(8973352,8)
(3387398,1)
(10813116,1)
(1690766,1)
(8971435,4)
(10432263,1)
(9801333,1)
(6531778,1)
(9054504,1)
(10865443,1)
(1559410,8)
(5866619,1)
(3372817,1)
(10055172,1)
(2417935,1)
(10039332,1)
(9193041,1)
(10233273,4)
(9938495,1)
(8262243,3)
(4858989,2)
(8373970,1)
(8588819,1)
(5737757,8)
(4403361,7)
(1721019,1)
(4004968,1)
(7499099,1)
(3798130,1)
(8845705,1)
(10248060,1)
(1459024,3)
(2032338,6)
(10961572,1)
(10311681,2)
(1234302,6)
(8751600,1)
(9240778,1)
(4940103,2)
(9325440,1)
(9769529,1)
(4543050,1)
(6739651,3)
(8679476,1)
(10955038,1)
(2064090,2)
(14790,1)
(2192872,2)
(11020548,1)
(5841292,11)
(11266915,4)
(6767984,1)
(9548443,1)
(3628804,1)
(2488261,7)
(2968114,1)
(4279171,4)
(9010089,1)
(9335205,1)
(45697,125)
(856752,2)
(6893461,2)
(9235053,1)
(1925707,1)
(9990082,1)
(11167393,1)
(1846598,98)
(2415991,2)
(6804199,4)
(4627516,7)
(3653400,2)
(7383376,1)
(10668686,1)
(7259761,2)
(10731243,1)
(2540596,2)
(11174430,1)
(2052020,7)
(7065784,4)
(4524817,1)
(10975685,1)
(3425197,1)
(3564391,1)
(8367436,1)
(3029890,73)
(10650261,1)
(7536367,1)
(10099246,1)
(9365158,1)
(9014049,2)
(5712916,1)
(4025640,6)
(7519771,1)
(2020593,1)
(4568611,1)
(1936471,1)
(9335296,6)
(9441333,1)
(2173828,104)
(268601,109)
(2332597,1)
(9400284,1)
(5555993,1)
(10607683,1)
(9324964,8)
(4523467,1)
(9827623,1)
(3898887,1)
(2929405,1)
(3341451,7)
(491351,72)
(9385219,1)
(3235323,2)
(9133047,1)
(9449047,1)
(9766900,1)
(620131,28)
(9470106,2)
(6771493,6)
(4042588,4)
(1382623,12)
(1418687,10)
(8876288,1)
(8869501,3)
(1853077,22)
(9898463,1)
(10512291,1)
(1454731,7)
(9974891,1)
(121649,120)
(9238122,1)
(10786207,2)
(11087310,1)
(2138502,1)
(2792353,4)
(4233900,1)
(145896,36)
(6828193,7)
(7445999,4)
(4049419,3)
(1085777,1)
(491964,2)
(8913691,18)
(4461042,1)
(10017192,1)
(6574609,1)
(4702819,9)
(2132210,5)
(8071984,5)
(9722386,1)
(10425784,1)
(4084528,3)
(555657,5)
(9568702,1)
(10967729,1)
(1977935,8)
(183623,20)
(9851905,1)
(10250977,1)
(10724926,1)
(4108503,2)
(9169174,1)
(9122193,1)
(9495208,1)
(4981559,1)
(5494225,1)
(4466245,1)
(1588535,1)
(8990407,1)
(511132,12)
(7557102,1)
(6519637,1)
(3598628,1)
(10833169,1)
(10242480,1)
(9845740,1)
(4134298,2)
(4232910,2)
(9505639,5)
(3547110,1)
(6787883,1)
(9389828,1)
(4190854,4)
(7404499,2)
(9470205,1)
(4917875,7)
(172832,1)
(2339626,19)
(7072425,4)
(9475958,1)
(7274025,1)
(3367345,1)
(10116093,1)
(3292465,2)
(8314713,1)
(3996897,1)
(5193067,1)
(8316883,2)
(9017352,1)
(6817465,1)
(419469,8)
(4980811,1)
(2378885,1)
(10305859,4)
(4421442,2)
(4167364,2)
(9502650,1)
(10778026,1)
(1547332,1)
(6595949,4)
(7997465,1)
(4283455,1)
(5492597,10)
(10181127,1)
(7419330,1)
(6721740,28)
(119345,13)
(288401,12)
(5887698,14)
(5521981,1)
(2253540,3)
(10877837,1)
(9662617,1)
(3023779,1)
(4726255,1)
(5514754,1)
(11128431,1)
(7618078,1)
(3486398,1)
(1439477,1)
(10849603,2)
(9596521,1)
(3849863,3)
(10405830,1)
(5822996,1)
(2473834,23)
(4074510,2)
(2893333,1)
(1822684,1)
(9795412,1)
(680757,4)
(3034812,40)
(1031866,3)
(250132,22)
(10803351,6)
(2356654,10)
(9635167,1)
(8238079,1)
(1348298,2)
(8969582,16)
(3332802,29)
(2118441,1)
(10622145,3)
(4664407,2)
(10076377,2)
(63877,235)
(730931,3)
(566033,22)
(6830659,1)
(10514947,1)
(10251516,1)
(6632604,1)
(10542865,1)
(3401841,3)
(10454890,1)
(10604721,1)
(7069483,2)
(3462682,3)
(10614522,1)
(10402860,1)
(6700040,1)
(2497234,8)
(1426354,1)
(7247999,10)
(9368939,5)
(1706197,85)
(9665939,1)
(2078662,1)
(2634547,2)
(7101413,1)
(62373,627)
(7474654,1)
(5501686,3)
(5743309,3)
(10002215,1)
(5674801,9)
(4462780,4)
(10456988,1)
(2032635,1)
(9500931,1)
(7099859,1)
(3383941,15)
(1173238,5)
(10943158,1)
(11236819,1)
(79393,72)
(7995034,1)
(1301325,5)
(4048311,1)
(9150930,1)
(3552637,1)
(779749,5)
(9300104,6)
(418226,20)
(2977079,1)
(8945588,1)
(3929891,3)
(9518897,2)
(2284249,2)
(9688286,1)
(9698447,6)
(10156116,1)
(4387405,3)
(7934347,2)
(4719721,2)
(6928480,2)
(510601,42)
(1235644,2)
(3522360,7)
(346929,5)
(5886518,3)
(6814792,2)
(9359218,1)
(1506184,62)
(1221270,14)
(5840725,1)
(5391526,1)
(10776505,1)
(9772048,2)
(10891048,1)
(2524459,1)
(4230930,2)
(2674084,1)
(5737793,1)
(10293899,2)
(6827978,1)
(4863730,1)
(10870555,1)
(4026171,1)
(300424,43)
(10156350,1)
(328136,1)
(5925299,1)
(10610111,2)
(4533628,1)
(59953,46)
(9171621,1)
(4014417,1)
(5613240,2)
(10369219,1)
(10795568,1)
(7256142,2)
(3211626,1)
(8688999,1)
(10821234,1)
(640742,47)
(10203988,1)
(3621775,2)
(9849601,3)
(9355005,1)
(3221625,1)
(10975487,1)
(992049,4)
(934728,7)
(1035169,2)
(9984818,1)
(8933752,1)
(2812332,13)
(2180343,1)
(5731564,1)
(39298,5)
(3349228,1)
(396528,3)
(3912574,12)
(9994600,1)
(2048412,40)
(8584408,1)
(2678594,33)
(6731505,2)
(10936363,1)
(2538553,2)
(10244127,1)
(6507496,3)
(2349067,3)
(2059096,3)
(11087428,1)
(9081234,6)
(318371,1)
(8985449,1)
(3394,8)
(10575832,1)
(1672333,1)
(2112663,39)
(1302829,2)
(2161632,1)
(3459019,2)
(4713132,1)
(1146283,15)
(10658984,1)
(10263685,2)
(9830719,1)
(3894421,1)
(1767208,2)
(10079130,2)
(2182738,1)
(7068501,3)
(145508,1)
(1982489,1)
(92631,437)
(9767035,1)
(6891841,1)
(9033318,1)
(4459054,1)
(6602049,1)
(8451531,1)
(540716,1)
(8566363,1)
(1581910,1)
(10711506,1)
(7485607,1)
(6901326,6)
(1617523,10)
(192371,3)
(1676348,2)
(8715141,1)
(6753637,1)
(11150788,1)
(10868369,1)
(8324965,1)
(9623908,1)
(1023748,1)
(2048368,38)
(2362080,1)
(4998263,3)
(1294829,74)
(4411209,5)
(9357139,1)
(8935174,1)
(454875,7)
(398742,1)
(3404965,2)
(3607915,1)
(2170605,1)
(1812748,1)
(959550,8)
(1155201,1)
(9774127,1)
(10901424,1)
(8567768,1)
(8911873,2)
(65343,35)
(4456642,3)
(5577061,10)
(9120933,10)
(689145,3)
(11167357,1)
(7295266,3)
(10272180,1)
(4998579,1)
(2004005,1)
(9069698,2)
(592782,17)
(439665,1)
(9427366,1)
(9621711,1)
(9652492,1)
(3479413,1)
(2777918,2)
(2595901,1)
(8998391,6)
(1619008,8)
(6625666,3)
(9400996,2)
(8460702,1)
(10340751,1)
(8453250,2)
(8438716,1)
(10980643,1)
(4476398,1)
(10810083,1)
(10776802,1)
(10085331,6)
(10747930,1)
(11233948,1)
(3758134,1)
(10351704,1)
(9825797,1)
(5882503,2)
(9574606,1)
(7119225,3)
(3137151,2)
(7425270,2)
(10424695,1)
(1451329,1)
(3232119,1)
(9319104,2)
(4020104,5)
(1802235,1)
(8347375,2)
(6086399,1)
(10243885,1)
(11163658,1)
(7526368,6)
(11084241,1)
(2079094,4)
(4712719,3)
(2644384,1)
(1507174,18)
(10508449,1)
(2663040,3)
(9359515,1)
(9400798,1)
(11249662,1)
(29046,1)
(4884737,2)
(6624162,6)
(10391953,1)
(4543311,1)
(1499949,29)
(700321,2)
(9498467,2)
(2982433,27)
(10033752,1)
(9926876,2)
(5039392,1)
(9454258,4)
(9919946,1)
(10912017,1)
(8271252,2)
(3476957,30)
(9803368,1)
(9874964,1)
(10608439,1)
(7821036,2)
(6718960,2)
(1971184,3)
(6656202,5)
(3000404,1)
(10219251,1)
(10899653,1)
(9262044,1)
(9380827,2)
(4240074,2)
(649680,7)
(7093963,7)
(4934100,1)
(10648237,1)
(10213220,1)
(10782148,1)
(9073864,2)
(8963416,1)
(8258437,1)
(2117550,7)
(9185932,1)
(2817931,1)
(8782606,1)
(2045659,20)
(2409952,5)
(2787304,5)
(1368142,25)
(9078913,1)
(1027645,21)
(8778160,11)
(9625366,1)
(9558082,2)
(191309,1)
(4947025,1)
(6418701,1)
(33429,8)
(11044803,1)
(10854869,1)
(4450152,1)
(6858118,1)
(10220169,2)
(9048592,1)
(455928,80)
(10359319,1)
(9929747,1)
(10605090,1)
(368709,4)
(4010501,1)
(4238707,1)
(3064567,1)
(1518974,1)
(1476962,1)
(7501527,1)
(10645924,1)
(2969258,3)
(11192412,1)
(2366040,3)
(3459451,1)
(7279778,2)
(6221501,2)
(10656553,6)
(2647552,10)
(10696315,1)
(7348564,1)
(3390736,11)
(1083247,1)
(10811983,1)
(995415,3)
(10939171,1)
(1459871,3)
(9924742,1)
(7415884,13)
(3251226,1)
(1394080,1)
(6622641,1)
(9372088,1)
(9890001,2)
(6783337,5)
(9533205,1)
(4262368,6)
(1863670,1)
(252167,1)
(4985717,8)
(10337421,1)
(8989346,1)
(7258122,2)
(4296479,3)
(10000947,3)
(9890452,1)
(8940907,1)
(1687670,7)
(1709464,1)
(5791577,1)
(8355105,1)
(3616762,2)
(5776529,1)
(1061052,22)
(10711047,1)
(8937929,1)
(1909642,2)
(2772300,4)
(1436515,1)
(10044444,6)
(2683615,1)
(3583363,2)
(438224,2)
(3343648,1)
(9979841,1)
(11136054,2)
(6221402,1)
(10812478,1)
(9699121,1)
(8748677,2)
(9678034,1)
(10294573,1)
(9666055,1)
(8625565,1)
(1981048,1)
(4463833,1)
(8462476,1)
(43860,151)
(1170015,7)
(9607609,2)
(6628122,5)
(931857,39)
(10575238,1)
(9658649,1)
(2128800,2)
(9892531,1)
(7032366,1)
(3167879,6)
(11191125,1)
(10914844,1)
(6583492,1)
(1908193,18)
(10330554,5)
(7107705,1)
(863682,1)
(10307974,1)
(1064789,5)
(10999049,1)
(9043867,1)
(8125777,1)
(9495659,2)
(754881,1)
(9573094,1)
(733802,5)
(2307649,1)
(9566362,1)
(10795711,1)
(263813,10)
(10863364,1)
(10266358,1)
(2948053,1)
(227615,24)
(11099083,1)
(6562314,18)
(911444,2044)
(8886845,3)
(1219642,7)
(1521141,3)
(9242307,1)
(9657794,1)
(4192889,19)
(1473505,2)
(10933456,1)
(6827563,5)
(1690090,2)
