(3271544,1)
(10223143,1)
(5676895,1)
(8119148,1)
(7393299,1)
(8851316,3)
(9617667,1)
(9016943,10)
(7347894,9)
(6827847,5)
(9790999,1)
(6999964,2)
(4260194,2)
(1529788,5)
(3587698,3)
(3350681,6)
(9175695,5)
(9006089,2)
(7066445,1)
(1576065,4)
(9570290,1)
(10927025,1)
(8326715,1)
(5973994,1)
(8312954,7)
(6534392,5)
(8883348,1)
(788050,5)
(6893385,13)
(10681848,3)
(7371860,1)
(2460275,1)
(9975868,1)
(6277154,1)
(4981167,1)
(7956843,2)
(9221260,1)
(11189718,1)
(4181552,1)
(5487714,1)
(7144303,1)
(5801110,1)
(5485987,184)
(1227431,39)
(7116935,1)
(10710872,1)
(5482962,6)
(9919059,2)
(2885670,1)
(10848320,1)
(7935990,1)
(10394748,1)
(10702141,1)
(7778580,4)
(4802291,1)
(9262427,1)
(9630644,1)
(8393496,2)
(2011255,113)
(2034674,1)
(11237291,2)
(5478408,34)
(9595491,2)
(10917161,1)
(10837944,1)
(3416651,7)
(9451300,4)
(11101138,1)
(1386804,36)
(3662847,4)
(9358089,2)
(4184775,6)
(10750788,3)
(2205331,10)
(8359160,1)
(8394071,2)
(7383902,1)
(951625,2)
(8638791,1)
(713566,17)
(2565350,5)
(517186,1)
(1164846,1)
(9413177,1)
(10218383,1)
(10443022,1)
(272287,1)
(10068777,1)
(10565504,1)
(6114824,2)
(9851928,1)
(1280838,1)
(2364083,8)
(662644,15)
(6915245,1)
(9811517,1)
(7042333,6)
(6632113,2)
(130879,30)
(10449314,1)
(8924315,86)
(2100517,2)
(3414635,6)
(2619819,5)
(9507524,6)
(8935395,1)
(9753855,1)
(1031438,2)
(10835018,1)
(1160273,2)
(167149,9)
(1049349,3)
(10606823,1)
(1269660,5)
(1329258,1)
(10718487,2)
(6938114,2)
(9748743,1)
(6570158,1)
(6507013,2)
(8584511,1)
(11271770,1)
(8263102,3)
(3233762,3)
(8615435,1)
(1078158,3)
(8991393,1)
(9892158,1)
(7275948,1)
(10230136,2)
(10107016,1)
(9342617,1)
(2433941,2)
(7643057,1)
(9792014,2)
(9576032,1)
(1845161,17)
(10937222,1)
(5831577,1)
(2058470,1)
(10359675,1)
(8595203,1)
(9231935,1)
(10045754,1)
(9742154,1)
(8686734,1)
(779618,1)
(2414636,1)
(10303036,1)
(8893031,25)
(2369880,2)
(2629340,6)
(3509469,1)
(4873554,5)
(10294145,2)
(10398230,3)
(11303170,1)
(3045310,1)
(10549719,1)
(5106545,1)
(9661334,2)
(10094228,4)
(9926682,2)
(9164002,1)
(2262176,2)
(9029390,5)
(3926204,1)
(9554216,1)
(1735785,1)
(10091816,3)
(10469664,1)
(3910922,4)
(6536831,1)
(1759086,90)
(3163175,1)
(9676473,2)
(10125070,1)
(2137274,21)
(3990339,1)
(9277926,1)
(10802681,1)
(3918320,10)
(4476069,3)
(7586349,1)
(5827590,1)
(5712263,15)
(5568949,1)
(4461524,1)
(8937177,3)
(4117986,1)
(10335824,1)
(44224,26)
(1817991,1)
(9685644,1)
(4055110,1)
(1867716,2)
(11294504,1)
(9316003,1)
(2613527,1)
(9255489,3)
(2831363,1)
(634627,3)
(2304999,1)
(6723842,20)
(2262833,1)
(1338861,2)
(4809276,1)
(10220489,2)
(3577842,1)
(11115647,1)
(4498498,7)
(10226429,1)
(11268459,1)
(8800312,1)
(3086865,2)
(2489238,1)
(11235473,1)
(4737627,1)
(251956,223)
(611307,55)
(9625749,1)
(8148614,1)
(1469596,3)
(3121694,4)
(10107467,1)
(4974138,1)
(10923579,1)
(2045465,2)
(4798710,2)
(1029783,9)
(9690657,1)
(10639133,1)
(9305979,4)
(2494089,20)
(6718235,1)
(10934117,1)
(2367729,2)
(5798250,1)
(4947084,1)
(3097692,63)
(8618243,1)
(3363191,1)
(2502908,3)
(11121848,1)
(10222117,1)
(11270348,1)
(10336418,1)
(7544354,1)
(7125908,1)
(4516640,1)
(11096801,1)
(10714986,2)
(10116179,1)
(10143412,1)
(681157,1)
(2658168,1)
(11031280,1)
(6369639,7)
(9165542,1)
(11100409,1)
(9544811,1)
(8769930,102)
(8522375,11)
(4676797,4)
(648677,12)
(1211753,2)
(9649130,1)
(9022036,6)
(5202476,1)
(3327650,15)
(8973078,1)
(4586553,2)
(7171998,1)
(10700026,1)
(2695950,1)
(1311383,5)
(11010391,1)
(2658564,1)
(1148231,19)
(2110101,4)
(10551031,1)
(9885660,1)
(630469,197)
(1554708,6)
(1025020,2)
(10635588,1)
(10316357,1)
(10536731,1)
(4282848,7)
(4832469,9)
(9454460,2)
(431839,7)
(7273715,1)
(9912434,1)
(9192434,3)
(7729061,1)
(10257650,1)
(2365848,2)
(4361633,1)
(7060711,2)
(10493685,1)
(11239235,2)
(5361687,1)
(1605864,12)
(2280491,4)
(9900257,2)
(2797065,1)
(4934222,1)
(10703799,3)
(6272168,1)
(6619947,1)
(5561766,8)
(5556357,1)
(280828,1)
(1563492,3)
(4881988,4)
(7472309,1)
(10903878,1)
(6732419,1)
(2398004,2)
(1256718,1)
(1259229,5)
(132598,1)
(4953780,1)
(6765323,3)
(2305736,1)
(1355718,3)
(4581828,1)
(10282922,1)
(448895,17)
(5847318,1)
(6822608,5)
(1793268,1)
(2323754,1)
(9638718,1)
(10168352,1)
(5900264,2)
(3150863,1)
(3679092,3)
(6690182,8)
(10664702,2)
(9932072,1)
(7377954,1)
(11246822,1)
(9727719,1)
(9169656,2)
(1149771,2)
(2358297,1)
(100016,7)
(731881,3)
(1516827,12)
(3279401,26)
(9962808,1)
(3417597,18)
(10705977,1)
(689726,68)
(3199626,3)
(1074206,16)
(4782276,1)
(10315213,1)
(9051953,1)
(673831,36)
(8874672,4)
(11198150,1)
(200600,226)
(11081393,1)
(8548016,2)
(9149045,15)
(2356479,1)
(8261474,1)
(9488337,1)
(2389842,1)
(9326912,2)
(9016187,1)
(11055257,1)
(4391847,4)
(5579578,1)
(9980727,2)
(10464678,1)
(10210570,1)
(8854674,2)
(9387357,1)
(1266456,1)
(7756151,1)
(10376711,1)
(3057795,3)
(1434954,2)
(6571940,24)
(8781639,35)
(1257807,1)
(1891476,3)
(10944710,1)
(4985578,1)
(5974533,5)
(5498893,1)
(1208522,1)
(1667857,2)
(1049844,10)
(7099151,2)
(417600,1)
(5979538,1)
(9867381,1)
(9334832,2)
(1455230,2)
(4565312,1)
(1660971,3)
(381899,18)
(1153406,1)
(10473173,4)
(9824324,1)
(3247262,1)
(403597,1)
(10602926,1)
(1355853,3)
(10506176,1)
(10111138,1)
(4444785,3)
(10391011,1)
(7470211,1)
(6787590,1)
(1870172,3)
(10888948,1)
(4981978,19)
(5713253,1)
(8633057,1)
(52342,69)
(428185,1)
(7098279,3)
(5490747,4)
(5030639,1)
(300582,1)
(2119418,2)
(1772324,1)
(4125815,1)
(72395,104)
(1849220,135)
(10391462,1)
(10522222,1)
(2821526,9)
(922393,14)
(8867706,2)
(7814165,3)
(4475079,1)
(3292947,2)
(9789630,1)
(2277422,3)
(4352,24)
(11285847,1)
(10816280,1)
(5615658,1)
(9869460,1)
(1321841,2)
(3609341,1)
(3273263,2)
(10090664,1)
(8402648,4)
(10043639,1)
(1682968,22)
(5417441,18)
(10216169,5)
(2866923,1)
(3016141,2)
(964333,7)
(3324905,5)
(9296060,1)
(3298626,22)
(11095712,1)
(8365424,2)
(9247019,1)
(10444977,2)
(5982390,11)
(8831912,15)
(3477258,2)
(10841967,1)
(4136606,6)
(9562686,1)
(107848,5)
(10288359,1)
(1204229,3)
(7262113,1)
(9508613,2)
(795359,75)
(3096567,1)
(3472253,4)
(5918472,4)
(6301651,1)
(8748483,1)
(2409263,1)
(10217618,1)
(4239396,5)
(4466466,1)
(1432677,2)
(9330322,3)
(6919197,2)
(5506901,1)
(3542480,1)
(9620582,1)
(2923488,1)
(9762765,1)
(1173242,7)
(8551959,10)
(9385476,1)
(904537,1)
(9451869,1)
(7258992,1)
(2442040,1)
(8643353,1)
(11152637,1)
(3050161,10)
(9047174,1)
(5833890,2)
(4293062,1)
(9077946,1)
(1681112,4)
(1227783,42)
(5800535,1)
(5888494,7)
(3039821,1)
(1705436,8)
(789004,7)
(1318368,5)
(5045822,1)
(9788299,2)
(10992582,1)
(5669154,2)
(9432185,1)
(1852000,41)
(3061367,28)
(3496923,15)
(2343518,2)
(2112334,1)
(10077236,1)
(2463795,52)
(8318886,1)
(11071853,1)
(7973123,2)
(3238415,33)
(6803320,7)
(10087947,1)
(3113378,2)
(9960765,1)
(7914119,72)
(8870676,1)
(9472208,1)
(4505291,1)
(1006111,19)
(6527877,2)
(10644993,1)
(8896056,2)
(10872459,1)
(11311928,1)
(11161187,1)
(6550501,4)
(9034312,1)
(10612565,2)
(6523411,33)
(9825512,1)
(10114081,1)
(7411955,4)
(10410569,4)
(7075094,4)
(9439016,2)
(3262733,1)
(1469992,1)
(1591338,1)
(10752001,1)
(5591312,2)
(8723642,2)
(4173470,1)
(6788643,1)
(9444362,3)
(10119130,1)
(7326392,1)
(9000616,2)
(9427235,1)
(10287152,1)
(9369988,2)
(1510535,5)
(11104144,1)
(3407048,87)
(4321989,1)
(9781773,1)
(3201073,1)
(10519208,1)
(4830470,1)
(5511752,1)
(8585042,1)
(439985,1)
(2240701,77)
(7814228,4)
(85012,7)
(9754782,1)
(3250493,1)
(10438127,1)
(8799685,2)
(4326227,13)
(11091969,1)
(8772053,1)
(5808348,12)
(9401657,1)
(1205093,1)
(9293153,2)
(9763502,1)
(11159559,1)
(3025628,4)
(11083472,1)
(2426516,4)
(8887380,5)
(6380834,1)
(865234,1)
(4704696,1)
(9985966,1)
(9946743,1)
(10611476,1)
(9794382,1)
(9417830,1)
(8985868,3)
(10917224,1)
(6932237,1)
(6726317,1)
(1833641,2)
(9356865,1)
(1147854,5)
(1187616,1)
(4417343,2)
(7594764,1)
(9572487,1)
(1713590,1)
(904177,3)
(528021,3)
(5957244,1)
(7352401,1)
(3264867,1)
(9288393,5)
(9514094,2)
(10870226,1)
(3522707,1)
(10697661,1)
(3831362,1)
(9947238,1)
(7039553,2)
(6886004,5)
(9425750,1)
(5471379,1)
(551016,12)
(3022441,2)
(953443,10)
(4136796,5)
(10437632,1)
(8925297,3)
(8778048,8)
(3122071,1)
(8840778,1)
(6865566,21)
(34775,37)
(3028670,5)
(4063085,9)
(9044168,1)
(527347,4)
(10790289,1)
(5946255,1)
(2261032,3)
(8439864,1)
(9967786,1)
(9365423,1)
(9303034,2)
(788762,1)
(9898882,2)
(11227157,2)
(10767717,1)
(1684687,2)
(530163,3)
(9420214,3)
(9172571,1)
(10122875,1)
(10552175,1)
(9319325,3)
(2182409,2)
(5704082,2)
(26990,3)
(10189953,1)
(3667635,2)
(3393864,3)
(10222766,1)
(6789075,2)
(10453931,1)
(908948,7)
(10096280,1)
(9853331,5)
(10615689,1)
(10664441,1)
(766630,1)
(1865574,2)
(4399083,1)
(10093634,1)
(8866653,6)
(2391948,2)
(9557871,1)
(9132539,2)
(8425094,2)
(10441619,1)
(2700188,1)
(8560300,11)
(8357298,2)
(1868698,7)
(8794482,1)
(1564248,1)
(2704904,29)
(10258109,1)
(6893682,2)
(5798764,2)
(7512322,6)
(3328893,1)
(9513761,3)
(1205057,6)
(3932496,1)
(8360177,2)
(10873430,1)
(46691,10)
(7046645,2)
(9591891,1)
(9920912,1)
(4859947,10)
(10640799,1)
(10330126,1)
(901215,7)
(517384,1)
(7475153,1)
(9395060,1)
(1535989,7)
(3790359,1)
(10795220,1)
(880183,2)
(10185047,1)
(414171,4)
(9231872,1)
(9901643,1)
(10452941,1)
(11188269,1)
(4734099,1)
(6788481,1)
(4007032,2)
(2273525,3)
(3167333,165)
(1284933,27)
(2028671,2)
(4002145,1)
(10197026,1)
(3130766,1)
(3128066,2)
(10369377,1)
(6586070,1)
(9917772,2)
(4223311,1)
(10060928,1)
(10298240,2)
(59877,20)
(10004317,1)
(2966319,1)
(9232529,17)
(271792,9)
(10405493,1)
(1910410,2)
(7637090,1)
(1368877,1)
(5047208,4)
(4673673,79)
(8917872,2)
(10591208,1)
(9497580,1)
(9357891,10)
(10273616,1)
(939872,25)
(3020425,1)
(5762439,2)
(5371136,1)
(3469888,10)
(2400839,1)
(244017,271)
(3918474,1)
(4953807,1)
(677332,1)
(48437,6)
(4963897,1)
(9859579,1)
(8260231,1)
(1159635,2)
(3062618,9)
(6820628,1)
(2493008,3)
(11306393,1)
(6659646,1)
(8469924,1)
(1795347,1)
(5536917,4)
(1110872,1)
(7315268,1)
(6734273,3)
(8312990,1)
(8852207,2)
(10646577,1)
(2653361,2)
(7389474,1)
(1315541,4)
(7374588,1)
(10970667,1)
(8534516,3)
(4691853,1)
(3166541,1)
(9420115,1)
(981938,5)
(10288340,1)
(10239786,2)
(1334766,4)
(4818582,1)
(1287507,8)
(10992708,1)
(10460564,1)
(2964023,3)
(1222445,61)
(9337695,3)
(940537,1)
(2557944,1)
(10057788,3)
(34360,3)
(6727398,1)
(5833106,2)
(10852442,1)
(11099114,1)
(2701475,3)
(9256721,2)
(4854780,1)
(5481936,1)
(3091210,16)
(1952757,3)
(4678010,3)
(4275080,63)
(4826529,5)
(1300817,6)
(857369,48)
(3552344,6)
(3204719,64)
(9967272,1)
(8538251,5)
(10830266,1)
(5774256,29)
(1714085,3)
(10073023,1)
(3062203,21)
(2488248,4)
(9575592,2)
(6530602,1)
(3177530,1)
(11184650,1)
(9256325,1)
(90061,191)
(11045195,1)
(8741921,1)
(9919518,1)
(1028180,1)
(6562436,9)
(10522178,1)
(8716929,1)
(3542705,1)
(4774851,1)
(1790658,1)
(1598205,1)
(5490431,1)
(6029720,1)
(1914425,21)
(72106,19)
(3403385,3)
(9050053,1)
(2415310,332)
(10294505,1)
(9770649,1)
(10811401,1)
(1430840,5)
(673020,4)
(9391064,3)
(10322891,1)
(11262464,1)
(620866,4)
(4802192,1)
(3901355,1)
(10040290,1)
(9615236,1)
(9357396,1)
(2412458,1)
(2650319,1)
(1236693,1)
(2102272,10)
(1312788,1)
(10954764,1)
(7380176,1)
(3068234,2)
(9084362,2)
(8461715,1)
(8991519,2)
(3417281,1)
(9919914,2)
(7409255,2)
(10543229,1)
(10391525,1)
(10999251,1)
(2052098,1)
(5967900,2)
(3484908,1)
(8966247,8)
(10406780,1)
(79262,691)
(9351266,1)
(2648213,2)
(9601222,1)
(2829375,1)
(231246,32)
(10226979,1)
(10302794,1)
(10394531,1)
(8998477,1)
(1386183,1)
(7425518,1)
(180676,2)
(11283650,1)
(4882167,29)
(9757815,1)
(9637313,1)
(10226960,1)
(4250104,4)
(2109392,12)
(2243528,3)
(4112170,4)
(10522637,1)
(4779595,2)
(795241,1)
(8996244,5)
(11292461,1)
(3219696,64)
(3234554,1)
(10614248,1)
(4207779,1)
(10105847,1)
(1430246,1)
(10248308,1)
(7500145,1)
(8401793,1)
(8353508,1)
(7123612,1)
(1275429,3)
(2526795,1)
(1317675,2)
(9327245,1)
(1292790,54)
(1355691,4)
(9345623,1)
(10237319,1)
(2378394,2)
(11291372,1)
(10812086,1)
(4227010,1)
(524124,1)
(10761975,1)
(10130542,1)
(5603264,4)
(3287321,1)
(8313584,1)
(77895,28)
(8808620,18)
(8834379,2)
(10009853,1)
(1721276,1)
(10665783,2)
(8737241,1)
(837451,3)
(1938834,2)
(8542472,1)
(4207661,2)
(9306301,2)
(1055847,9)
(10922688,1)
(4124168,38)
(10134043,1)
(8814920,3)
(8598660,3)
(11160557,1)
(1304200,1)
(739298,3)
(1664472,1)
(10282661,1)
(5437917,3)
(8277369,1)
(9254147,4)
(9102424,2)
(11125781,1)
(4718394,1)
(626545,1)
(10302208,2)
(1351541,16)
(2243465,8)
(3350843,1)
